comment_id,is_hate_speech,categories,similar_cases_used,target_group,hate_type,used_prompt,classification_result
Ugx-A_R7AgrWIy6M3np4AaABAg,False,['혐오없음'],[],,,"Human: 
당신은 혐오표현 분류 전문가입니다.

=== 혐오표현 정의 ===
성별, 장애, 종교, 나이, 출신지역, 인종, 성적지향 등 특정 속성을 이유로  어떤 개인·집단에게 모욕, 비하, 멸시, 위협 또는 차별·폭력의 선전과 선동을 함으로써 차별을 정당화·조장·강화하는 효과를 갖는 표현

=== 분류 카테고리 (복수 선택 가능) ===
- 성별: 성별 기반 차별 및 비하 (예: ""김치녀"", ""맘충"")
- 연령: 연령대 기반 차별 및 비하 (예: ""꼰대"", ""애새끼"")
- 정체성: 출신지역, 인종, 성적지향, 종교 등 (예: ""짱깨"", ""일베충"")
- 욕설: 직접적 욕설이 포함된 혐오표현 (예: ""시발"", ""새끼"")
- 기타: 위 카테고리에 해당하지 않는 기타 혐오표현
- 혐오없음: 혐오표현이 아닌 경우

⚠️ 중요: 하나의 텍스트가 여러 카테고리에 동시에 해당할 수 있습니다.
예시: ""김치녀들 시발 다 똑같아"" → [""성별"", ""욕설""]

=== 참고할 유사 사례들 ===
관련 유사 사례가 없습니다.

=== 분석 대상 텍스트 ===
""거리로 나가야합니다 이런 부패의 나라가 어디있습니까""

=== 분석 지침 ===
1. 검색된 유사 사례들의 분류와 일관성을 평가하세요
2. 증거 강도는 유사 사례들의 일관성과 유사도를 종합하여 계산하세요
3. 혐오표현 정의에 엄격히 따라 판단하세요
4. 해당하는 모든 카테고리를 포함하세요 (단일 또는 복수)
5. 복합 혐오표현의 경우 각각의 혐오 요소를 모두 식별하세요

=== 복합 혐오표현 예시 ===
- ""김치녀들 시발 다 똑같아"" → 성별 비하 + 욕설 → [""성별"", ""욕설""]
- ""꼰대 일베충들"" → 연령 비하 + 정체성 혐오 → [""연령"", ""정체성""]  
- ""그 똥양인 새끼들 좆같네"" → 정체성 혐오 + 욕설 → [""정체성"", ""욕설""]

The output should be formatted as a JSON instance that conforms to the JSON schema below.

As an example, for the schema {""properties"": {""foo"": {""title"": ""Foo"", ""description"": ""a list of strings"", ""type"": ""array"", ""items"": {""type"": ""string""}}}, ""required"": [""foo""]}
the object {""foo"": [""bar"", ""baz""]} is a well-formatted instance of the schema. The object {""properties"": {""foo"": [""bar"", ""baz""]}} is not well-formatted.

Here is the output schema:
```
{""description"": ""혐오표현 분류 결과"", ""properties"": {""prompt"": {""anyOf"": [{""type"": ""string""}, {""type"": ""null""}], ""default"": null, ""description"": ""분류에 사용된 프롬프트"", ""title"": ""Prompt""}, ""input_text"": {""description"": ""분석 대상 텍스트"", ""title"": ""Input Text"", ""type"": ""string""}, ""is_hate_speech"": {""description"": ""혐오표현 여부"", ""title"": ""Is Hate Speech"", ""type"": ""boolean""}, ""categories"": {""description"": ""해당하는 혐오표현 카테고리들 (성별, 연령, 정체성, 욕설, 기타, 혐오없음)"", ""items"": {""type"": ""string""}, ""title"": ""Categories"", ""type"": ""array""}, ""evidence_strength"": {""description"": ""증거 강도 (검색 결과 기반, 0.0-1.0)"", ""maximum"": 1.0, ""minimum"": 0.0, ""title"": ""Evidence Strength"", ""type"": ""number""}, ""reasoning"": {""description"": ""분류 근거 및 설명"", ""title"": ""Reasoning"", ""type"": ""string""}, ""similar_cases_used"": {""description"": ""참조한 유사 사례들 (번호)"", ""items"": {""type"": ""string""}, ""title"": ""Similar Cases Used"", ""type"": ""array""}, ""target_group"": {""anyOf"": [{""type"": ""string""}, {""type"": ""null""}], ""default"": null, ""description"": ""혐오 대상 집단 (해당하는 경우)"", ""title"": ""Target Group""}, ""hate_type"": {""anyOf"": [{""type"": ""string""}, {""type"": ""null""}], ""default"": null, ""description"": ""혐오 유형 (모욕/비하/멸시/위협/선동 등)"", ""title"": ""Hate Type""}}, ""required"": [""input_text"", ""is_hate_speech"", ""evidence_strength"", ""reasoning""]}
```
","prompt='Human: \n당신은 혐오표현 분류 전문가입니다.\n\n=== 혐오표현 정의 ===\n성별, 장애, 종교, 나이, 출신지역, 인종, 성적지향 등 특정 속성을 이유로  어떤 개인·집단에게 모욕, 비하, 멸시, 위협 또는 차별·폭력의 선전과 선동을 함으로써 차별을 정당화·조장·강화하는 효과를 갖는 표현\n\n=== 분류 카테고리 (복수 선택 가능) ===\n- 성별: 성별 기반 차별 및 비하 (예: ""김치녀"", ""맘충"")\n- 연령: 연령대 기반 차별 및 비하 (예: ""꼰대"", ""애새끼"")\n- 정체성: 출신지역, 인종, 성적지향, 종교 등 (예: ""짱깨"", ""일베충"")\n- 욕설: 직접적 욕설이 포함된 혐오표현 (예: ""시발"", ""새끼"")\n- 기타: 위 카테고리에 해당하지 않는 기타 혐오표현\n- 혐오없음: 혐오표현이 아닌 경우\n\n⚠️ 중요: 하나의 텍스트가 여러 카테고리에 동시에 해당할 수 있습니다.\n예시: ""김치녀들 시발 다 똑같아"" → [""성별"", ""욕설""]\n\n=== 참고할 유사 사례들 ===\n관련 유사 사례가 없습니다.\n\n=== 분석 대상 텍스트 ===\n""거리로 나가야합니다 이런 부패의 나라가 어디있습니까""\n\n=== 분석 지침 ===\n1. 검색된 유사 사례들의 분류와 일관성을 평가하세요\n2. 증거 강도는 유사 사례들의 일관성과 유사도를 종합하여 계산하세요\n3. 혐오표현 정의에 엄격히 따라 판단하세요\n4. 해당하는 모든 카테고리를 포함하세요 (단일 또는 복수)\n5. 복합 혐오표현의 경우 각각의 혐오 요소를 모두 식별하세요\n\n=== 복합 혐오표현 예시 ===\n- ""김치녀들 시발 다 똑같아"" → 성별 비하 + 욕설 → [""성별"", ""욕설""]\n- ""꼰대 일베충들"" → 연령 비하 + 정체성 혐오 → [""연령"", ""정체성""]  \n- ""그 똥양인 새끼들 좆같네"" → 정체성 혐오 + 욕설 → [""정체성"", ""욕설""]\n\nThe output should be formatted as a JSON instance that conforms to the JSON schema below.\n\nAs an example, for the schema {""properties"": {""foo"": {""title"": ""Foo"", ""description"": ""a list of strings"", ""type"": ""array"", ""items"": {""type"": ""string""}}}, ""required"": [""foo""]}\nthe object {""foo"": [""bar"", ""baz""]} is a well-formatted instance of the schema. The object {""properties"": {""foo"": [""bar"", ""baz""]}} is not well-formatted.\n\nHere is the output schema:\n```\n{""description"": ""혐오표현 분류 결과"", ""properties"": {""prompt"": {""anyOf"": [{""type"": ""string""}, {""type"": ""null""}], ""default"": null, ""description"": ""분류에 사용된 프롬프트"", ""title"": ""Prompt""}, ""input_text"": {""description"": ""분석 대상 텍스트"", ""title"": ""Input Text"", ""type"": ""string""}, ""is_hate_speech"": {""description"": ""혐오표현 여부"", ""title"": ""Is Hate Speech"", ""type"": ""boolean""}, ""categories"": {""description"": ""해당하는 혐오표현 카테고리들 (성별, 연령, 정체성, 욕설, 기타, 혐오없음)"", ""items"": {""type"": ""string""}, ""title"": ""Categories"", ""type"": ""array""}, ""evidence_strength"": {""description"": ""증거 강도 (검색 결과 기반, 0.0-1.0)"", ""maximum"": 1.0, ""minimum"": 0.0, ""title"": ""Evidence Strength"", ""type"": ""number""}, ""reasoning"": {""description"": ""분류 근거 및 설명"", ""title"": ""Reasoning"", ""type"": ""string""}, ""similar_cases_used"": {""description"": ""참조한 유사 사례들 (번호)"", ""items"": {""type"": ""string""}, ""title"": ""Similar Cases Used"", ""type"": ""array""}, ""target_group"": {""anyOf"": [{""type"": ""string""}, {""type"": ""null""}], ""default"": null, ""description"": ""혐오 대상 집단 (해당하는 경우)"", ""title"": ""Target Group""}, ""hate_type"": {""anyOf"": [{""type"": ""string""}, {""type"": ""null""}], ""default"": null, ""description"": ""혐오 유형 (모욕/비하/멸시/위협/선동 등)"", ""title"": ""Hate Type""}}, ""required"": [""input_text"", ""is_hate_speech"", ""evidence_strength"", ""reasoning""]}\n```\n' input_text='거리로 나가야합니다 이런 부패의 나라가 어디있습니까' is_hate_speech=False categories=['혐오없음'] evidence_strength=0.4 reasoning='특정 집단(성별, 연령, 인종, 종교, 출신지역, 성적지향 등)을 대상으로 한 모욕·비하·멸시·위협·선동이 없으며, 혐오표현에 해당하는 욕설도 없음. 내용은 국가/정부의 부패 비판으로 사회/정치적 불만 표현에 해당함.' similar_cases_used=[] target_group=None hate_type=None"
Ugx-A_R7AgrWIy6M3np4AaABAg.AIoz-FgMaxjAIp8AW3aiPL,False,['혐오없음'],[],,,"Human: 
당신은 혐오표현 분류 전문가입니다.

=== 혐오표현 정의 ===
성별, 장애, 종교, 나이, 출신지역, 인종, 성적지향 등 특정 속성을 이유로  어떤 개인·집단에게 모욕, 비하, 멸시, 위협 또는 차별·폭력의 선전과 선동을 함으로써 차별을 정당화·조장·강화하는 효과를 갖는 표현

=== 분류 카테고리 (복수 선택 가능) ===
- 성별: 성별 기반 차별 및 비하 (예: ""김치녀"", ""맘충"")
- 연령: 연령대 기반 차별 및 비하 (예: ""꼰대"", ""애새끼"")
- 정체성: 출신지역, 인종, 성적지향, 종교 등 (예: ""짱깨"", ""일베충"")
- 욕설: 직접적 욕설이 포함된 혐오표현 (예: ""시발"", ""새끼"")
- 기타: 위 카테고리에 해당하지 않는 기타 혐오표현
- 혐오없음: 혐오표현이 아닌 경우

⚠️ 중요: 하나의 텍스트가 여러 카테고리에 동시에 해당할 수 있습니다.
예시: ""김치녀들 시발 다 똑같아"" → [""성별"", ""욕설""]

=== 참고할 유사 사례들 ===
관련 유사 사례가 없습니다.

=== 분석 대상 텍스트 ===
""문재인 정권이후에 선관위 설치되면서 ㅉㅉㅉㅉㅉㅉㅉㅉㅉㅉㅉㅉㅉ쭈욱이요 이랬습니다.""

=== 분석 지침 ===
1. 검색된 유사 사례들의 분류와 일관성을 평가하세요
2. 증거 강도는 유사 사례들의 일관성과 유사도를 종합하여 계산하세요
3. 혐오표현 정의에 엄격히 따라 판단하세요
4. 해당하는 모든 카테고리를 포함하세요 (단일 또는 복수)
5. 복합 혐오표현의 경우 각각의 혐오 요소를 모두 식별하세요

=== 복합 혐오표현 예시 ===
- ""김치녀들 시발 다 똑같아"" → 성별 비하 + 욕설 → [""성별"", ""욕설""]
- ""꼰대 일베충들"" → 연령 비하 + 정체성 혐오 → [""연령"", ""정체성""]  
- ""그 똥양인 새끼들 좆같네"" → 정체성 혐오 + 욕설 → [""정체성"", ""욕설""]

The output should be formatted as a JSON instance that conforms to the JSON schema below.

As an example, for the schema {""properties"": {""foo"": {""title"": ""Foo"", ""description"": ""a list of strings"", ""type"": ""array"", ""items"": {""type"": ""string""}}}, ""required"": [""foo""]}
the object {""foo"": [""bar"", ""baz""]} is a well-formatted instance of the schema. The object {""properties"": {""foo"": [""bar"", ""baz""]}} is not well-formatted.

Here is the output schema:
```
{""description"": ""혐오표현 분류 결과"", ""properties"": {""prompt"": {""anyOf"": [{""type"": ""string""}, {""type"": ""null""}], ""default"": null, ""description"": ""분류에 사용된 프롬프트"", ""title"": ""Prompt""}, ""input_text"": {""description"": ""분석 대상 텍스트"", ""title"": ""Input Text"", ""type"": ""string""}, ""is_hate_speech"": {""description"": ""혐오표현 여부"", ""title"": ""Is Hate Speech"", ""type"": ""boolean""}, ""categories"": {""description"": ""해당하는 혐오표현 카테고리들 (성별, 연령, 정체성, 욕설, 기타, 혐오없음)"", ""items"": {""type"": ""string""}, ""title"": ""Categories"", ""type"": ""array""}, ""evidence_strength"": {""description"": ""증거 강도 (검색 결과 기반, 0.0-1.0)"", ""maximum"": 1.0, ""minimum"": 0.0, ""title"": ""Evidence Strength"", ""type"": ""number""}, ""reasoning"": {""description"": ""분류 근거 및 설명"", ""title"": ""Reasoning"", ""type"": ""string""}, ""similar_cases_used"": {""description"": ""참조한 유사 사례들 (번호)"", ""items"": {""type"": ""string""}, ""title"": ""Similar Cases Used"", ""type"": ""array""}, ""target_group"": {""anyOf"": [{""type"": ""string""}, {""type"": ""null""}], ""default"": null, ""description"": ""혐오 대상 집단 (해당하는 경우)"", ""title"": ""Target Group""}, ""hate_type"": {""anyOf"": [{""type"": ""string""}, {""type"": ""null""}], ""default"": null, ""description"": ""혐오 유형 (모욕/비하/멸시/위협/선동 등)"", ""title"": ""Hate Type""}}, ""required"": [""input_text"", ""is_hate_speech"", ""evidence_strength"", ""reasoning""]}
```
","prompt='Human: \n당신은 혐오표현 분류 전문가입니다.\n\n=== 혐오표현 정의 ===\n성별, 장애, 종교, 나이, 출신지역, 인종, 성적지향 등 특정 속성을 이유로  어떤 개인·집단에게 모욕, 비하, 멸시, 위협 또는 차별·폭력의 선전과 선동을 함으로써 차별을 정당화·조장·강화하는 효과를 갖는 표현\n\n=== 분류 카테고리 (복수 선택 가능) ===\n- 성별: 성별 기반 차별 및 비하 (예: ""김치녀"", ""맘충"")\n- 연령: 연령대 기반 차별 및 비하 (예: ""꼰대"", ""애새끼"")\n- 정체성: 출신지역, 인종, 성적지향, 종교 등 (예: ""짱깨"", ""일베충"")\n- 욕설: 직접적 욕설이 포함된 혐오표현 (예: ""시발"", ""새끼"")\n- 기타: 위 카테고리에 해당하지 않는 기타 혐오표현\n- 혐오없음: 혐오표현이 아닌 경우\n\n⚠️ 중요: 하나의 텍스트가 여러 카테고리에 동시에 해당할 수 있습니다.\n예시: ""김치녀들 시발 다 똑같아"" → [""성별"", ""욕설""]\n\n=== 참고할 유사 사례들 ===\n관련 유사 사례가 없습니다.\n\n=== 분석 대상 텍스트 ===\n""문재인 정권이후에 선관위 설치되면서 ㅉㅉㅉㅉㅉㅉㅉㅉㅉㅉㅉㅉㅉ쭈욱이요 이랬습니다.""\n\n=== 분석 지침 ===\n1. 검색된 유사 사례들의 분류와 일관성을 평가하세요\n2. 증거 강도는 유사 사례들의 일관성과 유사도를 종합하여 계산하세요\n3. 혐오표현 정의에 엄격히 따라 판단하세요\n4. 해당하는 모든 카테고리를 포함하세요 (단일 또는 복수)\n5. 복합 혐오표현의 경우 각각의 혐오 요소를 모두 식별하세요\n\n=== 복합 혐오표현 예시 ===\n- ""김치녀들 시발 다 똑같아"" → 성별 비하 + 욕설 → [""성별"", ""욕설""]\n- ""꼰대 일베충들"" → 연령 비하 + 정체성 혐오 → [""연령"", ""정체성""]  \n- ""그 똥양인 새끼들 좆같네"" → 정체성 혐오 + 욕설 → [""정체성"", ""욕설""]\n\nThe output should be formatted as a JSON instance that conforms to the JSON schema below.\n\nAs an example, for the schema {""properties"": {""foo"": {""title"": ""Foo"", ""description"": ""a list of strings"", ""type"": ""array"", ""items"": {""type"": ""string""}}}, ""required"": [""foo""]}\nthe object {""foo"": [""bar"", ""baz""]} is a well-formatted instance of the schema. The object {""properties"": {""foo"": [""bar"", ""baz""]}} is not well-formatted.\n\nHere is the output schema:\n```\n{""description"": ""혐오표현 분류 결과"", ""properties"": {""prompt"": {""anyOf"": [{""type"": ""string""}, {""type"": ""null""}], ""default"": null, ""description"": ""분류에 사용된 프롬프트"", ""title"": ""Prompt""}, ""input_text"": {""description"": ""분석 대상 텍스트"", ""title"": ""Input Text"", ""type"": ""string""}, ""is_hate_speech"": {""description"": ""혐오표현 여부"", ""title"": ""Is Hate Speech"", ""type"": ""boolean""}, ""categories"": {""description"": ""해당하는 혐오표현 카테고리들 (성별, 연령, 정체성, 욕설, 기타, 혐오없음)"", ""items"": {""type"": ""string""}, ""title"": ""Categories"", ""type"": ""array""}, ""evidence_strength"": {""description"": ""증거 강도 (검색 결과 기반, 0.0-1.0)"", ""maximum"": 1.0, ""minimum"": 0.0, ""title"": ""Evidence Strength"", ""type"": ""number""}, ""reasoning"": {""description"": ""분류 근거 및 설명"", ""title"": ""Reasoning"", ""type"": ""string""}, ""similar_cases_used"": {""description"": ""참조한 유사 사례들 (번호)"", ""items"": {""type"": ""string""}, ""title"": ""Similar Cases Used"", ""type"": ""array""}, ""target_group"": {""anyOf"": [{""type"": ""string""}, {""type"": ""null""}], ""default"": null, ""description"": ""혐오 대상 집단 (해당하는 경우)"", ""title"": ""Target Group""}, ""hate_type"": {""anyOf"": [{""type"": ""string""}, {""type"": ""null""}], ""default"": null, ""description"": ""혐오 유형 (모욕/비하/멸시/위협/선동 등)"", ""title"": ""Hate Type""}}, ""required"": [""input_text"", ""is_hate_speech"", ""evidence_strength"", ""reasoning""]}\n```\n' input_text='""문재인 정권이후에 선관위 설치되면서 ㅉㅉㅉㅉㅉㅉㅉㅉㅉㅉㅉㅉㅉ쭈욱이요 이랬습니다.""' is_hate_speech=False categories=['혐오없음'] evidence_strength=0.2 reasoning='정치 대상(문재인 정권, 선관위)에 대한 불만과 경멸 표현(ㅉㅉㅉ)이지만, 성별/연령/출신지역/인종/성적지향/종교 등 보호 속성에 대한 모욕·비하·위협이나 차별 선동이 없다. 욕설도 포함되지 않는다.' similar_cases_used=[] target_group=None hate_type=None"
Ugx-CAkg4bBv-isATQF4AaABAg,False,['혐오없음'],[],,,"Human: 
당신은 혐오표현 분류 전문가입니다.

=== 혐오표현 정의 ===
성별, 장애, 종교, 나이, 출신지역, 인종, 성적지향 등 특정 속성을 이유로  어떤 개인·집단에게 모욕, 비하, 멸시, 위협 또는 차별·폭력의 선전과 선동을 함으로써 차별을 정당화·조장·강화하는 효과를 갖는 표현

=== 분류 카테고리 (복수 선택 가능) ===
- 성별: 성별 기반 차별 및 비하 (예: ""김치녀"", ""맘충"")
- 연령: 연령대 기반 차별 및 비하 (예: ""꼰대"", ""애새끼"")
- 정체성: 출신지역, 인종, 성적지향, 종교 등 (예: ""짱깨"", ""일베충"")
- 욕설: 직접적 욕설이 포함된 혐오표현 (예: ""시발"", ""새끼"")
- 기타: 위 카테고리에 해당하지 않는 기타 혐오표현
- 혐오없음: 혐오표현이 아닌 경우

⚠️ 중요: 하나의 텍스트가 여러 카테고리에 동시에 해당할 수 있습니다.
예시: ""김치녀들 시발 다 똑같아"" → [""성별"", ""욕설""]

=== 참고할 유사 사례들 ===
관련 유사 사례가 없습니다.

=== 분석 대상 텍스트 ===
""사전투표 무효다""

=== 분석 지침 ===
1. 검색된 유사 사례들의 분류와 일관성을 평가하세요
2. 증거 강도는 유사 사례들의 일관성과 유사도를 종합하여 계산하세요
3. 혐오표현 정의에 엄격히 따라 판단하세요
4. 해당하는 모든 카테고리를 포함하세요 (단일 또는 복수)
5. 복합 혐오표현의 경우 각각의 혐오 요소를 모두 식별하세요

=== 복합 혐오표현 예시 ===
- ""김치녀들 시발 다 똑같아"" → 성별 비하 + 욕설 → [""성별"", ""욕설""]
- ""꼰대 일베충들"" → 연령 비하 + 정체성 혐오 → [""연령"", ""정체성""]  
- ""그 똥양인 새끼들 좆같네"" → 정체성 혐오 + 욕설 → [""정체성"", ""욕설""]

The output should be formatted as a JSON instance that conforms to the JSON schema below.

As an example, for the schema {""properties"": {""foo"": {""title"": ""Foo"", ""description"": ""a list of strings"", ""type"": ""array"", ""items"": {""type"": ""string""}}}, ""required"": [""foo""]}
the object {""foo"": [""bar"", ""baz""]} is a well-formatted instance of the schema. The object {""properties"": {""foo"": [""bar"", ""baz""]}} is not well-formatted.

Here is the output schema:
```
{""description"": ""혐오표현 분류 결과"", ""properties"": {""prompt"": {""anyOf"": [{""type"": ""string""}, {""type"": ""null""}], ""default"": null, ""description"": ""분류에 사용된 프롬프트"", ""title"": ""Prompt""}, ""input_text"": {""description"": ""분석 대상 텍스트"", ""title"": ""Input Text"", ""type"": ""string""}, ""is_hate_speech"": {""description"": ""혐오표현 여부"", ""title"": ""Is Hate Speech"", ""type"": ""boolean""}, ""categories"": {""description"": ""해당하는 혐오표현 카테고리들 (성별, 연령, 정체성, 욕설, 기타, 혐오없음)"", ""items"": {""type"": ""string""}, ""title"": ""Categories"", ""type"": ""array""}, ""evidence_strength"": {""description"": ""증거 강도 (검색 결과 기반, 0.0-1.0)"", ""maximum"": 1.0, ""minimum"": 0.0, ""title"": ""Evidence Strength"", ""type"": ""number""}, ""reasoning"": {""description"": ""분류 근거 및 설명"", ""title"": ""Reasoning"", ""type"": ""string""}, ""similar_cases_used"": {""description"": ""참조한 유사 사례들 (번호)"", ""items"": {""type"": ""string""}, ""title"": ""Similar Cases Used"", ""type"": ""array""}, ""target_group"": {""anyOf"": [{""type"": ""string""}, {""type"": ""null""}], ""default"": null, ""description"": ""혐오 대상 집단 (해당하는 경우)"", ""title"": ""Target Group""}, ""hate_type"": {""anyOf"": [{""type"": ""string""}, {""type"": ""null""}], ""default"": null, ""description"": ""혐오 유형 (모욕/비하/멸시/위협/선동 등)"", ""title"": ""Hate Type""}}, ""required"": [""input_text"", ""is_hate_speech"", ""evidence_strength"", ""reasoning""]}
```
","prompt='Human: \n당신은 혐오표현 분류 전문가입니다.\n\n=== 혐오표현 정의 ===\n성별, 장애, 종교, 나이, 출신지역, 인종, 성적지향 등 특정 속성을 이유로  어떤 개인·집단에게 모욕, 비하, 멸시, 위협 또는 차별·폭력의 선전과 선동을 함으로써 차별을 정당화·조장·강화하는 효과를 갖는 표현\n\n=== 분류 카테고리 (복수 선택 가능) ===\n- 성별: 성별 기반 차별 및 비하 (예: ""김치녀"", ""맘충"")\n- 연령: 연령대 기반 차별 및 비하 (예: ""꼰대"", ""애새끼"")\n- 정체성: 출신지역, 인종, 성적지향, 종교 등 (예: ""짱깨"", ""일베충"")\n- 욕설: 직접적 욕설이 포함된 혐오표현 (예: ""시발"", ""새끼"")\n- 기타: 위 카테고리에 해당하지 않는 기타 혐오표현\n- 혐오없음: 혐오표현이 아닌 경우\n\n⚠️ 중요: 하나의 텍스트가 여러 카테고리에 동시에 해당할 수 있습니다.\n예시: ""김치녀들 시발 다 똑같아"" → [""성별"", ""욕설""]\n\n=== 참고할 유사 사례들 ===\n관련 유사 사례가 없습니다.\n\n=== 분석 대상 텍스트 ===\n""사전투표 무효다""\n\n=== 분석 지침 ===\n1. 검색된 유사 사례들의 분류와 일관성을 평가하세요\n2. 증거 강도는 유사 사례들의 일관성과 유사도를 종합하여 계산하세요\n3. 혐오표현 정의에 엄격히 따라 판단하세요\n4. 해당하는 모든 카테고리를 포함하세요 (단일 또는 복수)\n5. 복합 혐오표현의 경우 각각의 혐오 요소를 모두 식별하세요\n\n=== 복합 혐오표현 예시 ===\n- ""김치녀들 시발 다 똑같아"" → 성별 비하 + 욕설 → [""성별"", ""욕설""]\n- ""꼰대 일베충들"" → 연령 비하 + 정체성 혐오 → [""연령"", ""정체성""]  \n- ""그 똥양인 새끼들 좆같네"" → 정체성 혐오 + 욕설 → [""정체성"", ""욕설""]\n\nThe output should be formatted as a JSON instance that conforms to the JSON schema below.\n\nAs an example, for the schema {""properties"": {""foo"": {""title"": ""Foo"", ""description"": ""a list of strings"", ""type"": ""array"", ""items"": {""type"": ""string""}}}, ""required"": [""foo""]}\nthe object {""foo"": [""bar"", ""baz""]} is a well-formatted instance of the schema. The object {""properties"": {""foo"": [""bar"", ""baz""]}} is not well-formatted.\n\nHere is the output schema:\n```\n{""description"": ""혐오표현 분류 결과"", ""properties"": {""prompt"": {""anyOf"": [{""type"": ""string""}, {""type"": ""null""}], ""default"": null, ""description"": ""분류에 사용된 프롬프트"", ""title"": ""Prompt""}, ""input_text"": {""description"": ""분석 대상 텍스트"", ""title"": ""Input Text"", ""type"": ""string""}, ""is_hate_speech"": {""description"": ""혐오표현 여부"", ""title"": ""Is Hate Speech"", ""type"": ""boolean""}, ""categories"": {""description"": ""해당하는 혐오표현 카테고리들 (성별, 연령, 정체성, 욕설, 기타, 혐오없음)"", ""items"": {""type"": ""string""}, ""title"": ""Categories"", ""type"": ""array""}, ""evidence_strength"": {""description"": ""증거 강도 (검색 결과 기반, 0.0-1.0)"", ""maximum"": 1.0, ""minimum"": 0.0, ""title"": ""Evidence Strength"", ""type"": ""number""}, ""reasoning"": {""description"": ""분류 근거 및 설명"", ""title"": ""Reasoning"", ""type"": ""string""}, ""similar_cases_used"": {""description"": ""참조한 유사 사례들 (번호)"", ""items"": {""type"": ""string""}, ""title"": ""Similar Cases Used"", ""type"": ""array""}, ""target_group"": {""anyOf"": [{""type"": ""string""}, {""type"": ""null""}], ""default"": null, ""description"": ""혐오 대상 집단 (해당하는 경우)"", ""title"": ""Target Group""}, ""hate_type"": {""anyOf"": [{""type"": ""string""}, {""type"": ""null""}], ""default"": null, ""description"": ""혐오 유형 (모욕/비하/멸시/위협/선동 등)"", ""title"": ""Hate Type""}}, ""required"": [""input_text"", ""is_hate_speech"", ""evidence_strength"", ""reasoning""]}\n```\n' input_text='사전투표 무효다' is_hate_speech=False categories=['혐오없음'] evidence_strength=0.95 reasoning='특정 집단이나 보호특성(성별, 연령, 출신지역, 인종, 성적지향, 종교, 장애 등)을 대상으로 한 모욕·비하·멸시·위협·선동이 없고, 욕설도 없다. 선거 제도에 대한 의견/주장을 표현한 문장으로 혐오표현 정의에 해당하지 않는다.' similar_cases_used=[] target_group=None hate_type=None"
Ugx-CJO9mSx9XazWFeN4AaABAg,True,['정체성'],[],중국인,위협/선동(강제연행·엄벌·추방),"Human: 
당신은 혐오표현 분류 전문가입니다.

=== 혐오표현 정의 ===
성별, 장애, 종교, 나이, 출신지역, 인종, 성적지향 등 특정 속성을 이유로  어떤 개인·집단에게 모욕, 비하, 멸시, 위협 또는 차별·폭력의 선전과 선동을 함으로써 차별을 정당화·조장·강화하는 효과를 갖는 표현

=== 분류 카테고리 (복수 선택 가능) ===
- 성별: 성별 기반 차별 및 비하 (예: ""김치녀"", ""맘충"")
- 연령: 연령대 기반 차별 및 비하 (예: ""꼰대"", ""애새끼"")
- 정체성: 출신지역, 인종, 성적지향, 종교 등 (예: ""짱깨"", ""일베충"")
- 욕설: 직접적 욕설이 포함된 혐오표현 (예: ""시발"", ""새끼"")
- 기타: 위 카테고리에 해당하지 않는 기타 혐오표현
- 혐오없음: 혐오표현이 아닌 경우

⚠️ 중요: 하나의 텍스트가 여러 카테고리에 동시에 해당할 수 있습니다.
예시: ""김치녀들 시발 다 똑같아"" → [""성별"", ""욕설""]

=== 참고할 유사 사례들 ===
관련 유사 사례가 없습니다.

=== 분석 대상 텍스트 ===
""중국인들은  모조리 잡아다<br>조사해서 엄벌에 취해서 얼씬도 못하게 단단히 추방 시켜야 합니다 민주당과 민노청에서 불법으로 부정선거 동원한것 부정선거<br>척결 해야합니다""

=== 분석 지침 ===
1. 검색된 유사 사례들의 분류와 일관성을 평가하세요
2. 증거 강도는 유사 사례들의 일관성과 유사도를 종합하여 계산하세요
3. 혐오표현 정의에 엄격히 따라 판단하세요
4. 해당하는 모든 카테고리를 포함하세요 (단일 또는 복수)
5. 복합 혐오표현의 경우 각각의 혐오 요소를 모두 식별하세요

=== 복합 혐오표현 예시 ===
- ""김치녀들 시발 다 똑같아"" → 성별 비하 + 욕설 → [""성별"", ""욕설""]
- ""꼰대 일베충들"" → 연령 비하 + 정체성 혐오 → [""연령"", ""정체성""]  
- ""그 똥양인 새끼들 좆같네"" → 정체성 혐오 + 욕설 → [""정체성"", ""욕설""]

The output should be formatted as a JSON instance that conforms to the JSON schema below.

As an example, for the schema {""properties"": {""foo"": {""title"": ""Foo"", ""description"": ""a list of strings"", ""type"": ""array"", ""items"": {""type"": ""string""}}}, ""required"": [""foo""]}
the object {""foo"": [""bar"", ""baz""]} is a well-formatted instance of the schema. The object {""properties"": {""foo"": [""bar"", ""baz""]}} is not well-formatted.

Here is the output schema:
```
{""description"": ""혐오표현 분류 결과"", ""properties"": {""prompt"": {""anyOf"": [{""type"": ""string""}, {""type"": ""null""}], ""default"": null, ""description"": ""분류에 사용된 프롬프트"", ""title"": ""Prompt""}, ""input_text"": {""description"": ""분석 대상 텍스트"", ""title"": ""Input Text"", ""type"": ""string""}, ""is_hate_speech"": {""description"": ""혐오표현 여부"", ""title"": ""Is Hate Speech"", ""type"": ""boolean""}, ""categories"": {""description"": ""해당하는 혐오표현 카테고리들 (성별, 연령, 정체성, 욕설, 기타, 혐오없음)"", ""items"": {""type"": ""string""}, ""title"": ""Categories"", ""type"": ""array""}, ""evidence_strength"": {""description"": ""증거 강도 (검색 결과 기반, 0.0-1.0)"", ""maximum"": 1.0, ""minimum"": 0.0, ""title"": ""Evidence Strength"", ""type"": ""number""}, ""reasoning"": {""description"": ""분류 근거 및 설명"", ""title"": ""Reasoning"", ""type"": ""string""}, ""similar_cases_used"": {""description"": ""참조한 유사 사례들 (번호)"", ""items"": {""type"": ""string""}, ""title"": ""Similar Cases Used"", ""type"": ""array""}, ""target_group"": {""anyOf"": [{""type"": ""string""}, {""type"": ""null""}], ""default"": null, ""description"": ""혐오 대상 집단 (해당하는 경우)"", ""title"": ""Target Group""}, ""hate_type"": {""anyOf"": [{""type"": ""string""}, {""type"": ""null""}], ""default"": null, ""description"": ""혐오 유형 (모욕/비하/멸시/위협/선동 등)"", ""title"": ""Hate Type""}}, ""required"": [""input_text"", ""is_hate_speech"", ""evidence_strength"", ""reasoning""]}
```
","prompt='Human: \n당신은 혐오표현 분류 전문가입니다.\n\n=== 혐오표현 정의 ===\n성별, 장애, 종교, 나이, 출신지역, 인종, 성적지향 등 특정 속성을 이유로  어떤 개인·집단에게 모욕, 비하, 멸시, 위협 또는 차별·폭력의 선전과 선동을 함으로써 차별을 정당화·조장·강화하는 효과를 갖는 표현\n\n=== 분류 카테고리 (복수 선택 가능) ===\n- 성별: 성별 기반 차별 및 비하 (예: ""김치녀"", ""맘충"")\n- 연령: 연령대 기반 차별 및 비하 (예: ""꼰대"", ""애새끼"")\n- 정체성: 출신지역, 인종, 성적지향, 종교 등 (예: ""짱깨"", ""일베충"")\n- 욕설: 직접적 욕설이 포함된 혐오표현 (예: ""시발"", ""새끼"")\n- 기타: 위 카테고리에 해당하지 않는 기타 혐오표현\n- 혐오없음: 혐오표현이 아닌 경우\n\n⚠️ 중요: 하나의 텍스트가 여러 카테고리에 동시에 해당할 수 있습니다.\n예시: ""김치녀들 시발 다 똑같아"" → [""성별"", ""욕설""]\n\n=== 참고할 유사 사례들 ===\n관련 유사 사례가 없습니다.\n\n=== 분석 대상 텍스트 ===\n""중국인들은  모조리 잡아다<br>조사해서 엄벌에 취해서 얼씬도 못하게 단단히 추방 시켜야 합니다 민주당과 민노청에서 불법으로 부정선거 동원한것 부정선거<br>척결 해야합니다""\n\n=== 분석 지침 ===\n1. 검색된 유사 사례들의 분류와 일관성을 평가하세요\n2. 증거 강도는 유사 사례들의 일관성과 유사도를 종합하여 계산하세요\n3. 혐오표현 정의에 엄격히 따라 판단하세요\n4. 해당하는 모든 카테고리를 포함하세요 (단일 또는 복수)\n5. 복합 혐오표현의 경우 각각의 혐오 요소를 모두 식별하세요\n\n=== 복합 혐오표현 예시 ===\n- ""김치녀들 시발 다 똑같아"" → 성별 비하 + 욕설 → [""성별"", ""욕설""]\n- ""꼰대 일베충들"" → 연령 비하 + 정체성 혐오 → [""연령"", ""정체성""]  \n- ""그 똥양인 새끼들 좆같네"" → 정체성 혐오 + 욕설 → [""정체성"", ""욕설""]\n\nThe output should be formatted as a JSON instance that conforms to the JSON schema below.\n\nAs an example, for the schema {""properties"": {""foo"": {""title"": ""Foo"", ""description"": ""a list of strings"", ""type"": ""array"", ""items"": {""type"": ""string""}}}, ""required"": [""foo""]}\nthe object {""foo"": [""bar"", ""baz""]} is a well-formatted instance of the schema. The object {""properties"": {""foo"": [""bar"", ""baz""]}} is not well-formatted.\n\nHere is the output schema:\n```\n{""description"": ""혐오표현 분류 결과"", ""properties"": {""prompt"": {""anyOf"": [{""type"": ""string""}, {""type"": ""null""}], ""default"": null, ""description"": ""분류에 사용된 프롬프트"", ""title"": ""Prompt""}, ""input_text"": {""description"": ""분석 대상 텍스트"", ""title"": ""Input Text"", ""type"": ""string""}, ""is_hate_speech"": {""description"": ""혐오표현 여부"", ""title"": ""Is Hate Speech"", ""type"": ""boolean""}, ""categories"": {""description"": ""해당하는 혐오표현 카테고리들 (성별, 연령, 정체성, 욕설, 기타, 혐오없음)"", ""items"": {""type"": ""string""}, ""title"": ""Categories"", ""type"": ""array""}, ""evidence_strength"": {""description"": ""증거 강도 (검색 결과 기반, 0.0-1.0)"", ""maximum"": 1.0, ""minimum"": 0.0, ""title"": ""Evidence Strength"", ""type"": ""number""}, ""reasoning"": {""description"": ""분류 근거 및 설명"", ""title"": ""Reasoning"", ""type"": ""string""}, ""similar_cases_used"": {""description"": ""참조한 유사 사례들 (번호)"", ""items"": {""type"": ""string""}, ""title"": ""Similar Cases Used"", ""type"": ""array""}, ""target_group"": {""anyOf"": [{""type"": ""string""}, {""type"": ""null""}], ""default"": null, ""description"": ""혐오 대상 집단 (해당하는 경우)"", ""title"": ""Target Group""}, ""hate_type"": {""anyOf"": [{""type"": ""string""}, {""type"": ""null""}], ""default"": null, ""description"": ""혐오 유형 (모욕/비하/멸시/위협/선동 등)"", ""title"": ""Hate Type""}}, ""required"": [""input_text"", ""is_hate_speech"", ""evidence_strength"", ""reasoning""]}\n```\n' input_text='중국인들은  모조리 잡아다<br>조사해서 엄벌에 취해서 얼씬도 못하게 단단히 추방 시켜야 합니다 민주당과 민노청에서 불법으로 부정선거 동원한것 부정선거<br>척결 해야합니다' is_hate_speech=True categories=['정체성'] evidence_strength=0.9 reasoning='특정 집단인 ‘중국인’을 지칭하며 ‘모조리 잡아다’, ‘엄벌’, ‘추방’ 등을 요구하는 표현은 국적/인종 정체성을 이유로 한 위협 및 강제적 배제·폭력/차별 선동에 해당합니다. 욕설은 없으나, 집단에 대한 강제 연행·추방 요구 자체가 혐오표현 정의에 부합합니다. 정치집단 언급은 보호특성에 해당하지 않아 분류에 포함하지 않았습니다.' similar_cases_used=[] target_group='중국인' hate_type='위협/선동(강제연행·엄벌·추방)'"
Ugx-Ck2_xSDqhgEqU554AaABAg,True,['정체성'],[],중국인,비하/멸시,"Human: 
당신은 혐오표현 분류 전문가입니다.

=== 혐오표현 정의 ===
성별, 장애, 종교, 나이, 출신지역, 인종, 성적지향 등 특정 속성을 이유로  어떤 개인·집단에게 모욕, 비하, 멸시, 위협 또는 차별·폭력의 선전과 선동을 함으로써 차별을 정당화·조장·강화하는 효과를 갖는 표현

=== 분류 카테고리 (복수 선택 가능) ===
- 성별: 성별 기반 차별 및 비하 (예: ""김치녀"", ""맘충"")
- 연령: 연령대 기반 차별 및 비하 (예: ""꼰대"", ""애새끼"")
- 정체성: 출신지역, 인종, 성적지향, 종교 등 (예: ""짱깨"", ""일베충"")
- 욕설: 직접적 욕설이 포함된 혐오표현 (예: ""시발"", ""새끼"")
- 기타: 위 카테고리에 해당하지 않는 기타 혐오표현
- 혐오없음: 혐오표현이 아닌 경우

⚠️ 중요: 하나의 텍스트가 여러 카테고리에 동시에 해당할 수 있습니다.
예시: ""김치녀들 시발 다 똑같아"" → [""성별"", ""욕설""]

=== 참고할 유사 사례들 ===
관련 유사 사례가 없습니다.

=== 분석 대상 텍스트 ===
""답답하다.. 진짜<br>간첩당이 맞구나<br><br>증극인들이 들어가서 그냥 선거를 하네 ;ㅋ 죄다 이죄명만 뽑았어 ㅋ<br>어이가없어서 말이 안 나오고<br>이걸 일고도 할수있는 게 없어서<br>더 답답함<br><br>국힘이 온힘을 다해 싸워주면 좋겠는데  하려나 모르겠다........""

=== 분석 지침 ===
1. 검색된 유사 사례들의 분류와 일관성을 평가하세요
2. 증거 강도는 유사 사례들의 일관성과 유사도를 종합하여 계산하세요
3. 혐오표현 정의에 엄격히 따라 판단하세요
4. 해당하는 모든 카테고리를 포함하세요 (단일 또는 복수)
5. 복합 혐오표현의 경우 각각의 혐오 요소를 모두 식별하세요

=== 복합 혐오표현 예시 ===
- ""김치녀들 시발 다 똑같아"" → 성별 비하 + 욕설 → [""성별"", ""욕설""]
- ""꼰대 일베충들"" → 연령 비하 + 정체성 혐오 → [""연령"", ""정체성""]  
- ""그 똥양인 새끼들 좆같네"" → 정체성 혐오 + 욕설 → [""정체성"", ""욕설""]

The output should be formatted as a JSON instance that conforms to the JSON schema below.

As an example, for the schema {""properties"": {""foo"": {""title"": ""Foo"", ""description"": ""a list of strings"", ""type"": ""array"", ""items"": {""type"": ""string""}}}, ""required"": [""foo""]}
the object {""foo"": [""bar"", ""baz""]} is a well-formatted instance of the schema. The object {""properties"": {""foo"": [""bar"", ""baz""]}} is not well-formatted.

Here is the output schema:
```
{""description"": ""혐오표현 분류 결과"", ""properties"": {""prompt"": {""anyOf"": [{""type"": ""string""}, {""type"": ""null""}], ""default"": null, ""description"": ""분류에 사용된 프롬프트"", ""title"": ""Prompt""}, ""input_text"": {""description"": ""분석 대상 텍스트"", ""title"": ""Input Text"", ""type"": ""string""}, ""is_hate_speech"": {""description"": ""혐오표현 여부"", ""title"": ""Is Hate Speech"", ""type"": ""boolean""}, ""categories"": {""description"": ""해당하는 혐오표현 카테고리들 (성별, 연령, 정체성, 욕설, 기타, 혐오없음)"", ""items"": {""type"": ""string""}, ""title"": ""Categories"", ""type"": ""array""}, ""evidence_strength"": {""description"": ""증거 강도 (검색 결과 기반, 0.0-1.0)"", ""maximum"": 1.0, ""minimum"": 0.0, ""title"": ""Evidence Strength"", ""type"": ""number""}, ""reasoning"": {""description"": ""분류 근거 및 설명"", ""title"": ""Reasoning"", ""type"": ""string""}, ""similar_cases_used"": {""description"": ""참조한 유사 사례들 (번호)"", ""items"": {""type"": ""string""}, ""title"": ""Similar Cases Used"", ""type"": ""array""}, ""target_group"": {""anyOf"": [{""type"": ""string""}, {""type"": ""null""}], ""default"": null, ""description"": ""혐오 대상 집단 (해당하는 경우)"", ""title"": ""Target Group""}, ""hate_type"": {""anyOf"": [{""type"": ""string""}, {""type"": ""null""}], ""default"": null, ""description"": ""혐오 유형 (모욕/비하/멸시/위협/선동 등)"", ""title"": ""Hate Type""}}, ""required"": [""input_text"", ""is_hate_speech"", ""evidence_strength"", ""reasoning""]}
```
","prompt='Human: \n당신은 혐오표현 분류 전문가입니다.\n\n=== 혐오표현 정의 ===\n성별, 장애, 종교, 나이, 출신지역, 인종, 성적지향 등 특정 속성을 이유로  어떤 개인·집단에게 모욕, 비하, 멸시, 위협 또는 차별·폭력의 선전과 선동을 함으로써 차별을 정당화·조장·강화하는 효과를 갖는 표현\n\n=== 분류 카테고리 (복수 선택 가능) ===\n- 성별: 성별 기반 차별 및 비하 (예: ""김치녀"", ""맘충"")\n- 연령: 연령대 기반 차별 및 비하 (예: ""꼰대"", ""애새끼"")\n- 정체성: 출신지역, 인종, 성적지향, 종교 등 (예: ""짱깨"", ""일베충"")\n- 욕설: 직접적 욕설이 포함된 혐오표현 (예: ""시발"", ""새끼"")\n- 기타: 위 카테고리에 해당하지 않는 기타 혐오표현\n- 혐오없음: 혐오표현이 아닌 경우\n\n⚠️ 중요: 하나의 텍스트가 여러 카테고리에 동시에 해당할 수 있습니다.\n예시: ""김치녀들 시발 다 똑같아"" → [""성별"", ""욕설""]\n\n=== 참고할 유사 사례들 ===\n관련 유사 사례가 없습니다.\n\n=== 분석 대상 텍스트 ===\n""답답하다.. 진짜<br>간첩당이 맞구나<br><br>증극인들이 들어가서 그냥 선거를 하네 ;ㅋ 죄다 이죄명만 뽑았어 ㅋ<br>어이가없어서 말이 안 나오고<br>이걸 일고도 할수있는 게 없어서<br>더 답답함<br><br>국힘이 온힘을 다해 싸워주면 좋겠는데  하려나 모르겠다........""\n\n=== 분석 지침 ===\n1. 검색된 유사 사례들의 분류와 일관성을 평가하세요\n2. 증거 강도는 유사 사례들의 일관성과 유사도를 종합하여 계산하세요\n3. 혐오표현 정의에 엄격히 따라 판단하세요\n4. 해당하는 모든 카테고리를 포함하세요 (단일 또는 복수)\n5. 복합 혐오표현의 경우 각각의 혐오 요소를 모두 식별하세요\n\n=== 복합 혐오표현 예시 ===\n- ""김치녀들 시발 다 똑같아"" → 성별 비하 + 욕설 → [""성별"", ""욕설""]\n- ""꼰대 일베충들"" → 연령 비하 + 정체성 혐오 → [""연령"", ""정체성""]  \n- ""그 똥양인 새끼들 좆같네"" → 정체성 혐오 + 욕설 → [""정체성"", ""욕설""]\n\nThe output should be formatted as a JSON instance that conforms to the JSON schema below.\n\nAs an example, for the schema {""properties"": {""foo"": {""title"": ""Foo"", ""description"": ""a list of strings"", ""type"": ""array"", ""items"": {""type"": ""string""}}}, ""required"": [""foo""]}\nthe object {""foo"": [""bar"", ""baz""]} is a well-formatted instance of the schema. The object {""properties"": {""foo"": [""bar"", ""baz""]}} is not well-formatted.\n\nHere is the output schema:\n```\n{""description"": ""혐오표현 분류 결과"", ""properties"": {""prompt"": {""anyOf"": [{""type"": ""string""}, {""type"": ""null""}], ""default"": null, ""description"": ""분류에 사용된 프롬프트"", ""title"": ""Prompt""}, ""input_text"": {""description"": ""분석 대상 텍스트"", ""title"": ""Input Text"", ""type"": ""string""}, ""is_hate_speech"": {""description"": ""혐오표현 여부"", ""title"": ""Is Hate Speech"", ""type"": ""boolean""}, ""categories"": {""description"": ""해당하는 혐오표현 카테고리들 (성별, 연령, 정체성, 욕설, 기타, 혐오없음)"", ""items"": {""type"": ""string""}, ""title"": ""Categories"", ""type"": ""array""}, ""evidence_strength"": {""description"": ""증거 강도 (검색 결과 기반, 0.0-1.0)"", ""maximum"": 1.0, ""minimum"": 0.0, ""title"": ""Evidence Strength"", ""type"": ""number""}, ""reasoning"": {""description"": ""분류 근거 및 설명"", ""title"": ""Reasoning"", ""type"": ""string""}, ""similar_cases_used"": {""description"": ""참조한 유사 사례들 (번호)"", ""items"": {""type"": ""string""}, ""title"": ""Similar Cases Used"", ""type"": ""array""}, ""target_group"": {""anyOf"": [{""type"": ""string""}, {""type"": ""null""}], ""default"": null, ""description"": ""혐오 대상 집단 (해당하는 경우)"", ""title"": ""Target Group""}, ""hate_type"": {""anyOf"": [{""type"": ""string""}, {""type"": ""null""}], ""default"": null, ""description"": ""혐오 유형 (모욕/비하/멸시/위협/선동 등)"", ""title"": ""Hate Type""}}, ""required"": [""input_text"", ""is_hate_speech"", ""evidence_strength"", ""reasoning""]}\n```\n' input_text='""답답하다.. 진짜<br>간첩당이 맞구나<br><br>증극인들이 들어가서 그냥 선거를 하네 ;ㅋ 죄다 이죄명만 뽑았어 ㅋ<br>어이가없어서 말이 안 나오고<br>이걸 일고도 할수있는 게 없어서<br>더 답답함<br><br>국힘이 온힘을 다해 싸워주면 좋겠는데  하려나 모르겠다........""' is_hate_speech=True categories=['정체성'] evidence_strength=0.5 reasoning=""텍스트에서 '증극인(중국인)'을 특정 집단으로 지칭하며 선거를 훼손한다는 일반화된 비난을 함으로써 해당 집단을 멸시/비하하는 표현이다. 이는 출신국가/민족 정체성 기반의 혐오표현에 해당한다. 정치인/정당 비하(간첩당, 이죄명)는 보호특성 기반이 아니므로 분류에서 핵심은 중국인에 대한 혐오이다. 욕설이나 폭력 선동은 직접적으로 포함되어 있지 않다."" similar_cases_used=[] target_group='중국인' hate_type='비하/멸시'"
