comment_id,is_hate_speech,categories,similar_cases_used,target_group,hate_type,used_prompt,classification_result
UgxMphQ9J2CSMK2OF9t4AaABAg,False,['혐오없음'],[],,,"Human: 
당신은 혐오표현 분류 전문가입니다.

=== 혐오표현 정의 ===
성별, 장애, 종교, 나이, 출신지역, 인종, 성적지향 등 특정 속성을 이유로  어떤 개인·집단에게 모욕, 비하, 멸시, 위협 또는 차별·폭력의 선전과 선동을 함으로써 차별을 정당화·조장·강화하는 효과를 갖는 표현

=== 분류 카테고리 (복수 선택 가능) ===
- 성별: 성별 기반 차별 및 비하 (예: ""김치녀"", ""맘충"")
- 연령: 연령대 기반 차별 및 비하 (예: ""꼰대"", ""애새끼"")
- 정체성: 출신지역, 인종, 성적지향, 종교 등 (예: ""짱깨"", ""일베충"")
- 욕설: 직접적 욕설이 포함된 혐오표현 (예: ""시발"", ""새끼"")
- 기타: 위 카테고리에 해당하지 않는 기타 혐오표현
- 혐오없음: 혐오표현이 아닌 경우

⚠️ 중요: 하나의 텍스트가 여러 카테고리에 동시에 해당할 수 있습니다.
예시: ""김치녀들 시발 다 똑같아"" → [""성별"", ""욕설""]

=== 참고할 유사 사례들 ===
관련 유사 사례가 없습니다.

=== 분석 대상 텍스트 ===
""사전투표 한 거 다 무효화 들어가야합니다. <br>선거운동할떄가 아니예요..""

=== 분석 지침 ===
1. 검색된 유사 사례들의 분류와 일관성을 평가하세요
2. 증거 강도는 유사 사례들의 일관성과 유사도를 종합하여 계산하세요
3. 혐오표현 정의에 엄격히 따라 판단하세요
4. 해당하는 모든 카테고리를 포함하세요 (단일 또는 복수)
5. 복합 혐오표현의 경우 각각의 혐오 요소를 모두 식별하세요

=== 복합 혐오표현 예시 ===
- ""김치녀들 시발 다 똑같아"" → 성별 비하 + 욕설 → [""성별"", ""욕설""]
- ""꼰대 일베충들"" → 연령 비하 + 정체성 혐오 → [""연령"", ""정체성""]  
- ""그 똥양인 새끼들 좆같네"" → 정체성 혐오 + 욕설 → [""정체성"", ""욕설""]

The output should be formatted as a JSON instance that conforms to the JSON schema below.

As an example, for the schema {""properties"": {""foo"": {""title"": ""Foo"", ""description"": ""a list of strings"", ""type"": ""array"", ""items"": {""type"": ""string""}}}, ""required"": [""foo""]}
the object {""foo"": [""bar"", ""baz""]} is a well-formatted instance of the schema. The object {""properties"": {""foo"": [""bar"", ""baz""]}} is not well-formatted.

Here is the output schema:
```
{""description"": ""혐오표현 분류 결과"", ""properties"": {""prompt"": {""anyOf"": [{""type"": ""string""}, {""type"": ""null""}], ""default"": null, ""description"": ""분류에 사용된 프롬프트"", ""title"": ""Prompt""}, ""input_text"": {""description"": ""분석 대상 텍스트"", ""title"": ""Input Text"", ""type"": ""string""}, ""is_hate_speech"": {""description"": ""혐오표현 여부"", ""title"": ""Is Hate Speech"", ""type"": ""boolean""}, ""categories"": {""description"": ""해당하는 혐오표현 카테고리들 (성별, 연령, 정체성, 욕설, 기타, 혐오없음)"", ""items"": {""type"": ""string""}, ""title"": ""Categories"", ""type"": ""array""}, ""evidence_strength"": {""description"": ""증거 강도 (검색 결과 기반, 0.0-1.0)"", ""maximum"": 1.0, ""minimum"": 0.0, ""title"": ""Evidence Strength"", ""type"": ""number""}, ""reasoning"": {""description"": ""분류 근거 및 설명"", ""title"": ""Reasoning"", ""type"": ""string""}, ""similar_cases_used"": {""description"": ""참조한 유사 사례들 (번호)"", ""items"": {""type"": ""string""}, ""title"": ""Similar Cases Used"", ""type"": ""array""}, ""target_group"": {""anyOf"": [{""type"": ""string""}, {""type"": ""null""}], ""default"": null, ""description"": ""혐오 대상 집단 (해당하는 경우)"", ""title"": ""Target Group""}, ""hate_type"": {""anyOf"": [{""type"": ""string""}, {""type"": ""null""}], ""default"": null, ""description"": ""혐오 유형 (모욕/비하/멸시/위협/선동 등)"", ""title"": ""Hate Type""}}, ""required"": [""input_text"", ""is_hate_speech"", ""evidence_strength"", ""reasoning""]}
```
","prompt='Human: \n당신은 혐오표현 분류 전문가입니다.\n\n=== 혐오표현 정의 ===\n성별, 장애, 종교, 나이, 출신지역, 인종, 성적지향 등 특정 속성을 이유로  어떤 개인·집단에게 모욕, 비하, 멸시, 위협 또는 차별·폭력의 선전과 선동을 함으로써 차별을 정당화·조장·강화하는 효과를 갖는 표현\n\n=== 분류 카테고리 (복수 선택 가능) ===\n- 성별: 성별 기반 차별 및 비하 (예: ""김치녀"", ""맘충"")\n- 연령: 연령대 기반 차별 및 비하 (예: ""꼰대"", ""애새끼"")\n- 정체성: 출신지역, 인종, 성적지향, 종교 등 (예: ""짱깨"", ""일베충"")\n- 욕설: 직접적 욕설이 포함된 혐오표현 (예: ""시발"", ""새끼"")\n- 기타: 위 카테고리에 해당하지 않는 기타 혐오표현\n- 혐오없음: 혐오표현이 아닌 경우\n\n⚠️ 중요: 하나의 텍스트가 여러 카테고리에 동시에 해당할 수 있습니다.\n예시: ""김치녀들 시발 다 똑같아"" → [""성별"", ""욕설""]\n\n=== 참고할 유사 사례들 ===\n관련 유사 사례가 없습니다.\n\n=== 분석 대상 텍스트 ===\n""사전투표 한 거 다 무효화 들어가야합니다. <br>선거운동할떄가 아니예요..""\n\n=== 분석 지침 ===\n1. 검색된 유사 사례들의 분류와 일관성을 평가하세요\n2. 증거 강도는 유사 사례들의 일관성과 유사도를 종합하여 계산하세요\n3. 혐오표현 정의에 엄격히 따라 판단하세요\n4. 해당하는 모든 카테고리를 포함하세요 (단일 또는 복수)\n5. 복합 혐오표현의 경우 각각의 혐오 요소를 모두 식별하세요\n\n=== 복합 혐오표현 예시 ===\n- ""김치녀들 시발 다 똑같아"" → 성별 비하 + 욕설 → [""성별"", ""욕설""]\n- ""꼰대 일베충들"" → 연령 비하 + 정체성 혐오 → [""연령"", ""정체성""]  \n- ""그 똥양인 새끼들 좆같네"" → 정체성 혐오 + 욕설 → [""정체성"", ""욕설""]\n\nThe output should be formatted as a JSON instance that conforms to the JSON schema below.\n\nAs an example, for the schema {""properties"": {""foo"": {""title"": ""Foo"", ""description"": ""a list of strings"", ""type"": ""array"", ""items"": {""type"": ""string""}}}, ""required"": [""foo""]}\nthe object {""foo"": [""bar"", ""baz""]} is a well-formatted instance of the schema. The object {""properties"": {""foo"": [""bar"", ""baz""]}} is not well-formatted.\n\nHere is the output schema:\n```\n{""description"": ""혐오표현 분류 결과"", ""properties"": {""prompt"": {""anyOf"": [{""type"": ""string""}, {""type"": ""null""}], ""default"": null, ""description"": ""분류에 사용된 프롬프트"", ""title"": ""Prompt""}, ""input_text"": {""description"": ""분석 대상 텍스트"", ""title"": ""Input Text"", ""type"": ""string""}, ""is_hate_speech"": {""description"": ""혐오표현 여부"", ""title"": ""Is Hate Speech"", ""type"": ""boolean""}, ""categories"": {""description"": ""해당하는 혐오표현 카테고리들 (성별, 연령, 정체성, 욕설, 기타, 혐오없음)"", ""items"": {""type"": ""string""}, ""title"": ""Categories"", ""type"": ""array""}, ""evidence_strength"": {""description"": ""증거 강도 (검색 결과 기반, 0.0-1.0)"", ""maximum"": 1.0, ""minimum"": 0.0, ""title"": ""Evidence Strength"", ""type"": ""number""}, ""reasoning"": {""description"": ""분류 근거 및 설명"", ""title"": ""Reasoning"", ""type"": ""string""}, ""similar_cases_used"": {""description"": ""참조한 유사 사례들 (번호)"", ""items"": {""type"": ""string""}, ""title"": ""Similar Cases Used"", ""type"": ""array""}, ""target_group"": {""anyOf"": [{""type"": ""string""}, {""type"": ""null""}], ""default"": null, ""description"": ""혐오 대상 집단 (해당하는 경우)"", ""title"": ""Target Group""}, ""hate_type"": {""anyOf"": [{""type"": ""string""}, {""type"": ""null""}], ""default"": null, ""description"": ""혐오 유형 (모욕/비하/멸시/위협/선동 등)"", ""title"": ""Hate Type""}}, ""required"": [""input_text"", ""is_hate_speech"", ""evidence_strength"", ""reasoning""]}\n```\n' input_text='사전투표 한 거 다 무효화 들어가야합니다. <br>선거운동할떄가 아니예요..' is_hate_speech=False categories=['혐오없음'] evidence_strength=0.0 reasoning='선거 제도(사전투표)와 선거운동 시기에 대한 의견 표명일 뿐, 성별·연령·정체성 등 보호특성 집단을 모욕/비하/위협하거나 차별을 선동하는 표현이 없다. 욕설도 포함되지 않는다.' similar_cases_used=[] target_group=None hate_type=None"
UgxMs2d4S2C6EOqPk-54AaABAg,False,['혐오없음'],[],,,"Human: 
당신은 혐오표현 분류 전문가입니다.

=== 혐오표현 정의 ===
성별, 장애, 종교, 나이, 출신지역, 인종, 성적지향 등 특정 속성을 이유로  어떤 개인·집단에게 모욕, 비하, 멸시, 위협 또는 차별·폭력의 선전과 선동을 함으로써 차별을 정당화·조장·강화하는 효과를 갖는 표현

=== 분류 카테고리 (복수 선택 가능) ===
- 성별: 성별 기반 차별 및 비하 (예: ""김치녀"", ""맘충"")
- 연령: 연령대 기반 차별 및 비하 (예: ""꼰대"", ""애새끼"")
- 정체성: 출신지역, 인종, 성적지향, 종교 등 (예: ""짱깨"", ""일베충"")
- 욕설: 직접적 욕설이 포함된 혐오표현 (예: ""시발"", ""새끼"")
- 기타: 위 카테고리에 해당하지 않는 기타 혐오표현
- 혐오없음: 혐오표현이 아닌 경우

⚠️ 중요: 하나의 텍스트가 여러 카테고리에 동시에 해당할 수 있습니다.
예시: ""김치녀들 시발 다 똑같아"" → [""성별"", ""욕설""]

=== 참고할 유사 사례들 ===
관련 유사 사례가 없습니다.

=== 분석 대상 텍스트 ===
""당장 국가비상사테 데프쿤3발동해야합니다""

=== 분석 지침 ===
1. 검색된 유사 사례들의 분류와 일관성을 평가하세요
2. 증거 강도는 유사 사례들의 일관성과 유사도를 종합하여 계산하세요
3. 혐오표현 정의에 엄격히 따라 판단하세요
4. 해당하는 모든 카테고리를 포함하세요 (단일 또는 복수)
5. 복합 혐오표현의 경우 각각의 혐오 요소를 모두 식별하세요

=== 복합 혐오표현 예시 ===
- ""김치녀들 시발 다 똑같아"" → 성별 비하 + 욕설 → [""성별"", ""욕설""]
- ""꼰대 일베충들"" → 연령 비하 + 정체성 혐오 → [""연령"", ""정체성""]  
- ""그 똥양인 새끼들 좆같네"" → 정체성 혐오 + 욕설 → [""정체성"", ""욕설""]

The output should be formatted as a JSON instance that conforms to the JSON schema below.

As an example, for the schema {""properties"": {""foo"": {""title"": ""Foo"", ""description"": ""a list of strings"", ""type"": ""array"", ""items"": {""type"": ""string""}}}, ""required"": [""foo""]}
the object {""foo"": [""bar"", ""baz""]} is a well-formatted instance of the schema. The object {""properties"": {""foo"": [""bar"", ""baz""]}} is not well-formatted.

Here is the output schema:
```
{""description"": ""혐오표현 분류 결과"", ""properties"": {""prompt"": {""anyOf"": [{""type"": ""string""}, {""type"": ""null""}], ""default"": null, ""description"": ""분류에 사용된 프롬프트"", ""title"": ""Prompt""}, ""input_text"": {""description"": ""분석 대상 텍스트"", ""title"": ""Input Text"", ""type"": ""string""}, ""is_hate_speech"": {""description"": ""혐오표현 여부"", ""title"": ""Is Hate Speech"", ""type"": ""boolean""}, ""categories"": {""description"": ""해당하는 혐오표현 카테고리들 (성별, 연령, 정체성, 욕설, 기타, 혐오없음)"", ""items"": {""type"": ""string""}, ""title"": ""Categories"", ""type"": ""array""}, ""evidence_strength"": {""description"": ""증거 강도 (검색 결과 기반, 0.0-1.0)"", ""maximum"": 1.0, ""minimum"": 0.0, ""title"": ""Evidence Strength"", ""type"": ""number""}, ""reasoning"": {""description"": ""분류 근거 및 설명"", ""title"": ""Reasoning"", ""type"": ""string""}, ""similar_cases_used"": {""description"": ""참조한 유사 사례들 (번호)"", ""items"": {""type"": ""string""}, ""title"": ""Similar Cases Used"", ""type"": ""array""}, ""target_group"": {""anyOf"": [{""type"": ""string""}, {""type"": ""null""}], ""default"": null, ""description"": ""혐오 대상 집단 (해당하는 경우)"", ""title"": ""Target Group""}, ""hate_type"": {""anyOf"": [{""type"": ""string""}, {""type"": ""null""}], ""default"": null, ""description"": ""혐오 유형 (모욕/비하/멸시/위협/선동 등)"", ""title"": ""Hate Type""}}, ""required"": [""input_text"", ""is_hate_speech"", ""evidence_strength"", ""reasoning""]}
```
","prompt='Human: \n당신은 혐오표현 분류 전문가입니다.\n\n=== 혐오표현 정의 ===\n성별, 장애, 종교, 나이, 출신지역, 인종, 성적지향 등 특정 속성을 이유로  어떤 개인·집단에게 모욕, 비하, 멸시, 위협 또는 차별·폭력의 선전과 선동을 함으로써 차별을 정당화·조장·강화하는 효과를 갖는 표현\n\n=== 분류 카테고리 (복수 선택 가능) ===\n- 성별: 성별 기반 차별 및 비하 (예: ""김치녀"", ""맘충"")\n- 연령: 연령대 기반 차별 및 비하 (예: ""꼰대"", ""애새끼"")\n- 정체성: 출신지역, 인종, 성적지향, 종교 등 (예: ""짱깨"", ""일베충"")\n- 욕설: 직접적 욕설이 포함된 혐오표현 (예: ""시발"", ""새끼"")\n- 기타: 위 카테고리에 해당하지 않는 기타 혐오표현\n- 혐오없음: 혐오표현이 아닌 경우\n\n⚠️ 중요: 하나의 텍스트가 여러 카테고리에 동시에 해당할 수 있습니다.\n예시: ""김치녀들 시발 다 똑같아"" → [""성별"", ""욕설""]\n\n=== 참고할 유사 사례들 ===\n관련 유사 사례가 없습니다.\n\n=== 분석 대상 텍스트 ===\n""당장 국가비상사테 데프쿤3발동해야합니다""\n\n=== 분석 지침 ===\n1. 검색된 유사 사례들의 분류와 일관성을 평가하세요\n2. 증거 강도는 유사 사례들의 일관성과 유사도를 종합하여 계산하세요\n3. 혐오표현 정의에 엄격히 따라 판단하세요\n4. 해당하는 모든 카테고리를 포함하세요 (단일 또는 복수)\n5. 복합 혐오표현의 경우 각각의 혐오 요소를 모두 식별하세요\n\n=== 복합 혐오표현 예시 ===\n- ""김치녀들 시발 다 똑같아"" → 성별 비하 + 욕설 → [""성별"", ""욕설""]\n- ""꼰대 일베충들"" → 연령 비하 + 정체성 혐오 → [""연령"", ""정체성""]  \n- ""그 똥양인 새끼들 좆같네"" → 정체성 혐오 + 욕설 → [""정체성"", ""욕설""]\n\nThe output should be formatted as a JSON instance that conforms to the JSON schema below.\n\nAs an example, for the schema {""properties"": {""foo"": {""title"": ""Foo"", ""description"": ""a list of strings"", ""type"": ""array"", ""items"": {""type"": ""string""}}}, ""required"": [""foo""]}\nthe object {""foo"": [""bar"", ""baz""]} is a well-formatted instance of the schema. The object {""properties"": {""foo"": [""bar"", ""baz""]}} is not well-formatted.\n\nHere is the output schema:\n```\n{""description"": ""혐오표현 분류 결과"", ""properties"": {""prompt"": {""anyOf"": [{""type"": ""string""}, {""type"": ""null""}], ""default"": null, ""description"": ""분류에 사용된 프롬프트"", ""title"": ""Prompt""}, ""input_text"": {""description"": ""분석 대상 텍스트"", ""title"": ""Input Text"", ""type"": ""string""}, ""is_hate_speech"": {""description"": ""혐오표현 여부"", ""title"": ""Is Hate Speech"", ""type"": ""boolean""}, ""categories"": {""description"": ""해당하는 혐오표현 카테고리들 (성별, 연령, 정체성, 욕설, 기타, 혐오없음)"", ""items"": {""type"": ""string""}, ""title"": ""Categories"", ""type"": ""array""}, ""evidence_strength"": {""description"": ""증거 강도 (검색 결과 기반, 0.0-1.0)"", ""maximum"": 1.0, ""minimum"": 0.0, ""title"": ""Evidence Strength"", ""type"": ""number""}, ""reasoning"": {""description"": ""분류 근거 및 설명"", ""title"": ""Reasoning"", ""type"": ""string""}, ""similar_cases_used"": {""description"": ""참조한 유사 사례들 (번호)"", ""items"": {""type"": ""string""}, ""title"": ""Similar Cases Used"", ""type"": ""array""}, ""target_group"": {""anyOf"": [{""type"": ""string""}, {""type"": ""null""}], ""default"": null, ""description"": ""혐오 대상 집단 (해당하는 경우)"", ""title"": ""Target Group""}, ""hate_type"": {""anyOf"": [{""type"": ""string""}, {""type"": ""null""}], ""default"": null, ""description"": ""혐오 유형 (모욕/비하/멸시/위협/선동 등)"", ""title"": ""Hate Type""}}, ""required"": [""input_text"", ""is_hate_speech"", ""evidence_strength"", ""reasoning""]}\n```\n' input_text='""당장 국가비상사테 데프쿤3발동해야합니다""' is_hate_speech=False categories=['혐오없음'] evidence_strength=0.0 reasoning='국가 비상상태(DEFCON 3) 발동을 주장하는 내용으로, 보호속성 기반의 개인·집단에 대한 모욕, 비하, 멸시, 위협, 차별·폭력 선동이 전혀 포함되어 있지 않습니다. 특정 집단을 지목하지도 않으며 욕설도 없습니다.' similar_cases_used=[] target_group=None hate_type=None"
UgxMsm1mdfqjJkimeM54AaABAg,False,['혐오없음'],[],,,"Human: 
당신은 혐오표현 분류 전문가입니다.

=== 혐오표현 정의 ===
성별, 장애, 종교, 나이, 출신지역, 인종, 성적지향 등 특정 속성을 이유로  어떤 개인·집단에게 모욕, 비하, 멸시, 위협 또는 차별·폭력의 선전과 선동을 함으로써 차별을 정당화·조장·강화하는 효과를 갖는 표현

=== 분류 카테고리 (복수 선택 가능) ===
- 성별: 성별 기반 차별 및 비하 (예: ""김치녀"", ""맘충"")
- 연령: 연령대 기반 차별 및 비하 (예: ""꼰대"", ""애새끼"")
- 정체성: 출신지역, 인종, 성적지향, 종교 등 (예: ""짱깨"", ""일베충"")
- 욕설: 직접적 욕설이 포함된 혐오표현 (예: ""시발"", ""새끼"")
- 기타: 위 카테고리에 해당하지 않는 기타 혐오표현
- 혐오없음: 혐오표현이 아닌 경우

⚠️ 중요: 하나의 텍스트가 여러 카테고리에 동시에 해당할 수 있습니다.
예시: ""김치녀들 시발 다 똑같아"" → [""성별"", ""욕설""]

=== 참고할 유사 사례들 ===
관련 유사 사례가 없습니다.

=== 분석 대상 텍스트 ===
""무효소송 내주세요 ㅠㅠ<br>물론 계란으로 바위치기겠지만 뭐라도 해야하지 않을까요?<br>공산주의로 가는 자유대한민국을 보고만 있을수는 없습니다.<br>제발 우리 국민이 일어서야 합니다.<br>21대대통령선거는 우리국민이 낸 결과가 결코 아니라 생각합니다.""

=== 분석 지침 ===
1. 검색된 유사 사례들의 분류와 일관성을 평가하세요
2. 증거 강도는 유사 사례들의 일관성과 유사도를 종합하여 계산하세요
3. 혐오표현 정의에 엄격히 따라 판단하세요
4. 해당하는 모든 카테고리를 포함하세요 (단일 또는 복수)
5. 복합 혐오표현의 경우 각각의 혐오 요소를 모두 식별하세요

=== 복합 혐오표현 예시 ===
- ""김치녀들 시발 다 똑같아"" → 성별 비하 + 욕설 → [""성별"", ""욕설""]
- ""꼰대 일베충들"" → 연령 비하 + 정체성 혐오 → [""연령"", ""정체성""]  
- ""그 똥양인 새끼들 좆같네"" → 정체성 혐오 + 욕설 → [""정체성"", ""욕설""]

The output should be formatted as a JSON instance that conforms to the JSON schema below.

As an example, for the schema {""properties"": {""foo"": {""title"": ""Foo"", ""description"": ""a list of strings"", ""type"": ""array"", ""items"": {""type"": ""string""}}}, ""required"": [""foo""]}
the object {""foo"": [""bar"", ""baz""]} is a well-formatted instance of the schema. The object {""properties"": {""foo"": [""bar"", ""baz""]}} is not well-formatted.

Here is the output schema:
```
{""description"": ""혐오표현 분류 결과"", ""properties"": {""prompt"": {""anyOf"": [{""type"": ""string""}, {""type"": ""null""}], ""default"": null, ""description"": ""분류에 사용된 프롬프트"", ""title"": ""Prompt""}, ""input_text"": {""description"": ""분석 대상 텍스트"", ""title"": ""Input Text"", ""type"": ""string""}, ""is_hate_speech"": {""description"": ""혐오표현 여부"", ""title"": ""Is Hate Speech"", ""type"": ""boolean""}, ""categories"": {""description"": ""해당하는 혐오표현 카테고리들 (성별, 연령, 정체성, 욕설, 기타, 혐오없음)"", ""items"": {""type"": ""string""}, ""title"": ""Categories"", ""type"": ""array""}, ""evidence_strength"": {""description"": ""증거 강도 (검색 결과 기반, 0.0-1.0)"", ""maximum"": 1.0, ""minimum"": 0.0, ""title"": ""Evidence Strength"", ""type"": ""number""}, ""reasoning"": {""description"": ""분류 근거 및 설명"", ""title"": ""Reasoning"", ""type"": ""string""}, ""similar_cases_used"": {""description"": ""참조한 유사 사례들 (번호)"", ""items"": {""type"": ""string""}, ""title"": ""Similar Cases Used"", ""type"": ""array""}, ""target_group"": {""anyOf"": [{""type"": ""string""}, {""type"": ""null""}], ""default"": null, ""description"": ""혐오 대상 집단 (해당하는 경우)"", ""title"": ""Target Group""}, ""hate_type"": {""anyOf"": [{""type"": ""string""}, {""type"": ""null""}], ""default"": null, ""description"": ""혐오 유형 (모욕/비하/멸시/위협/선동 등)"", ""title"": ""Hate Type""}}, ""required"": [""input_text"", ""is_hate_speech"", ""evidence_strength"", ""reasoning""]}
```
","prompt='Human: \n당신은 혐오표현 분류 전문가입니다.\n\n=== 혐오표현 정의 ===\n성별, 장애, 종교, 나이, 출신지역, 인종, 성적지향 등 특정 속성을 이유로  어떤 개인·집단에게 모욕, 비하, 멸시, 위협 또는 차별·폭력의 선전과 선동을 함으로써 차별을 정당화·조장·강화하는 효과를 갖는 표현\n\n=== 분류 카테고리 (복수 선택 가능) ===\n- 성별: 성별 기반 차별 및 비하 (예: ""김치녀"", ""맘충"")\n- 연령: 연령대 기반 차별 및 비하 (예: ""꼰대"", ""애새끼"")\n- 정체성: 출신지역, 인종, 성적지향, 종교 등 (예: ""짱깨"", ""일베충"")\n- 욕설: 직접적 욕설이 포함된 혐오표현 (예: ""시발"", ""새끼"")\n- 기타: 위 카테고리에 해당하지 않는 기타 혐오표현\n- 혐오없음: 혐오표현이 아닌 경우\n\n⚠️ 중요: 하나의 텍스트가 여러 카테고리에 동시에 해당할 수 있습니다.\n예시: ""김치녀들 시발 다 똑같아"" → [""성별"", ""욕설""]\n\n=== 참고할 유사 사례들 ===\n관련 유사 사례가 없습니다.\n\n=== 분석 대상 텍스트 ===\n""무효소송 내주세요 ㅠㅠ<br>물론 계란으로 바위치기겠지만 뭐라도 해야하지 않을까요?<br>공산주의로 가는 자유대한민국을 보고만 있을수는 없습니다.<br>제발 우리 국민이 일어서야 합니다.<br>21대대통령선거는 우리국민이 낸 결과가 결코 아니라 생각합니다.""\n\n=== 분석 지침 ===\n1. 검색된 유사 사례들의 분류와 일관성을 평가하세요\n2. 증거 강도는 유사 사례들의 일관성과 유사도를 종합하여 계산하세요\n3. 혐오표현 정의에 엄격히 따라 판단하세요\n4. 해당하는 모든 카테고리를 포함하세요 (단일 또는 복수)\n5. 복합 혐오표현의 경우 각각의 혐오 요소를 모두 식별하세요\n\n=== 복합 혐오표현 예시 ===\n- ""김치녀들 시발 다 똑같아"" → 성별 비하 + 욕설 → [""성별"", ""욕설""]\n- ""꼰대 일베충들"" → 연령 비하 + 정체성 혐오 → [""연령"", ""정체성""]  \n- ""그 똥양인 새끼들 좆같네"" → 정체성 혐오 + 욕설 → [""정체성"", ""욕설""]\n\nThe output should be formatted as a JSON instance that conforms to the JSON schema below.\n\nAs an example, for the schema {""properties"": {""foo"": {""title"": ""Foo"", ""description"": ""a list of strings"", ""type"": ""array"", ""items"": {""type"": ""string""}}}, ""required"": [""foo""]}\nthe object {""foo"": [""bar"", ""baz""]} is a well-formatted instance of the schema. The object {""properties"": {""foo"": [""bar"", ""baz""]}} is not well-formatted.\n\nHere is the output schema:\n```\n{""description"": ""혐오표현 분류 결과"", ""properties"": {""prompt"": {""anyOf"": [{""type"": ""string""}, {""type"": ""null""}], ""default"": null, ""description"": ""분류에 사용된 프롬프트"", ""title"": ""Prompt""}, ""input_text"": {""description"": ""분석 대상 텍스트"", ""title"": ""Input Text"", ""type"": ""string""}, ""is_hate_speech"": {""description"": ""혐오표현 여부"", ""title"": ""Is Hate Speech"", ""type"": ""boolean""}, ""categories"": {""description"": ""해당하는 혐오표현 카테고리들 (성별, 연령, 정체성, 욕설, 기타, 혐오없음)"", ""items"": {""type"": ""string""}, ""title"": ""Categories"", ""type"": ""array""}, ""evidence_strength"": {""description"": ""증거 강도 (검색 결과 기반, 0.0-1.0)"", ""maximum"": 1.0, ""minimum"": 0.0, ""title"": ""Evidence Strength"", ""type"": ""number""}, ""reasoning"": {""description"": ""분류 근거 및 설명"", ""title"": ""Reasoning"", ""type"": ""string""}, ""similar_cases_used"": {""description"": ""참조한 유사 사례들 (번호)"", ""items"": {""type"": ""string""}, ""title"": ""Similar Cases Used"", ""type"": ""array""}, ""target_group"": {""anyOf"": [{""type"": ""string""}, {""type"": ""null""}], ""default"": null, ""description"": ""혐오 대상 집단 (해당하는 경우)"", ""title"": ""Target Group""}, ""hate_type"": {""anyOf"": [{""type"": ""string""}, {""type"": ""null""}], ""default"": null, ""description"": ""혐오 유형 (모욕/비하/멸시/위협/선동 등)"", ""title"": ""Hate Type""}}, ""required"": [""input_text"", ""is_hate_speech"", ""evidence_strength"", ""reasoning""]}\n```\n' input_text='""무효소송 내주세요 ㅠㅠ<br>물론 계란으로 바위치기겠지만 뭐라도 해야하지 않을까요?<br>공산주의로 가는 자유대한민국을 보고만 있을수는 없습니다.<br>제발 우리 국민이 일어서야 합니다.<br>21대대통령선거는 우리국민이 낸 결과가 결코 아니라 생각합니다.""' is_hate_speech=False categories=['혐오없음'] evidence_strength=0.1 reasoning='텍스트는 선거 결과에 대한 불신과 정치적 주장(반공·집회 촉구)을 표현하지만, 성별·연령·정체성 등 보호 속성을 가진 개인/집단을 모욕·비하·멸시·위협하거나 차별·폭력을 선동하는 내용이 없다. 욕설도 포함되어 있지 않다.' similar_cases_used=[] target_group=None hate_type=None"
UgxMt0kjmOF59kqKpvV4AaABAg,True,['정체성'],[],한국인들(국적/출신지역 기반 집단),모욕/비하,"Human: 
당신은 혐오표현 분류 전문가입니다.

=== 혐오표현 정의 ===
성별, 장애, 종교, 나이, 출신지역, 인종, 성적지향 등 특정 속성을 이유로  어떤 개인·집단에게 모욕, 비하, 멸시, 위협 또는 차별·폭력의 선전과 선동을 함으로써 차별을 정당화·조장·강화하는 효과를 갖는 표현

=== 분류 카테고리 (복수 선택 가능) ===
- 성별: 성별 기반 차별 및 비하 (예: ""김치녀"", ""맘충"")
- 연령: 연령대 기반 차별 및 비하 (예: ""꼰대"", ""애새끼"")
- 정체성: 출신지역, 인종, 성적지향, 종교 등 (예: ""짱깨"", ""일베충"")
- 욕설: 직접적 욕설이 포함된 혐오표현 (예: ""시발"", ""새끼"")
- 기타: 위 카테고리에 해당하지 않는 기타 혐오표현
- 혐오없음: 혐오표현이 아닌 경우

⚠️ 중요: 하나의 텍스트가 여러 카테고리에 동시에 해당할 수 있습니다.
예시: ""김치녀들 시발 다 똑같아"" → [""성별"", ""욕설""]

=== 참고할 유사 사례들 ===
관련 유사 사례가 없습니다.

=== 분석 대상 텍스트 ===
""국민의 주권을 중국에 넘기는 못난 한국인들~정신차려야한다""

=== 분석 지침 ===
1. 검색된 유사 사례들의 분류와 일관성을 평가하세요
2. 증거 강도는 유사 사례들의 일관성과 유사도를 종합하여 계산하세요
3. 혐오표현 정의에 엄격히 따라 판단하세요
4. 해당하는 모든 카테고리를 포함하세요 (단일 또는 복수)
5. 복합 혐오표현의 경우 각각의 혐오 요소를 모두 식별하세요

=== 복합 혐오표현 예시 ===
- ""김치녀들 시발 다 똑같아"" → 성별 비하 + 욕설 → [""성별"", ""욕설""]
- ""꼰대 일베충들"" → 연령 비하 + 정체성 혐오 → [""연령"", ""정체성""]  
- ""그 똥양인 새끼들 좆같네"" → 정체성 혐오 + 욕설 → [""정체성"", ""욕설""]

The output should be formatted as a JSON instance that conforms to the JSON schema below.

As an example, for the schema {""properties"": {""foo"": {""title"": ""Foo"", ""description"": ""a list of strings"", ""type"": ""array"", ""items"": {""type"": ""string""}}}, ""required"": [""foo""]}
the object {""foo"": [""bar"", ""baz""]} is a well-formatted instance of the schema. The object {""properties"": {""foo"": [""bar"", ""baz""]}} is not well-formatted.

Here is the output schema:
```
{""description"": ""혐오표현 분류 결과"", ""properties"": {""prompt"": {""anyOf"": [{""type"": ""string""}, {""type"": ""null""}], ""default"": null, ""description"": ""분류에 사용된 프롬프트"", ""title"": ""Prompt""}, ""input_text"": {""description"": ""분석 대상 텍스트"", ""title"": ""Input Text"", ""type"": ""string""}, ""is_hate_speech"": {""description"": ""혐오표현 여부"", ""title"": ""Is Hate Speech"", ""type"": ""boolean""}, ""categories"": {""description"": ""해당하는 혐오표현 카테고리들 (성별, 연령, 정체성, 욕설, 기타, 혐오없음)"", ""items"": {""type"": ""string""}, ""title"": ""Categories"", ""type"": ""array""}, ""evidence_strength"": {""description"": ""증거 강도 (검색 결과 기반, 0.0-1.0)"", ""maximum"": 1.0, ""minimum"": 0.0, ""title"": ""Evidence Strength"", ""type"": ""number""}, ""reasoning"": {""description"": ""분류 근거 및 설명"", ""title"": ""Reasoning"", ""type"": ""string""}, ""similar_cases_used"": {""description"": ""참조한 유사 사례들 (번호)"", ""items"": {""type"": ""string""}, ""title"": ""Similar Cases Used"", ""type"": ""array""}, ""target_group"": {""anyOf"": [{""type"": ""string""}, {""type"": ""null""}], ""default"": null, ""description"": ""혐오 대상 집단 (해당하는 경우)"", ""title"": ""Target Group""}, ""hate_type"": {""anyOf"": [{""type"": ""string""}, {""type"": ""null""}], ""default"": null, ""description"": ""혐오 유형 (모욕/비하/멸시/위협/선동 등)"", ""title"": ""Hate Type""}}, ""required"": [""input_text"", ""is_hate_speech"", ""evidence_strength"", ""reasoning""]}
```
","prompt='Human: \n당신은 혐오표현 분류 전문가입니다.\n\n=== 혐오표현 정의 ===\n성별, 장애, 종교, 나이, 출신지역, 인종, 성적지향 등 특정 속성을 이유로  어떤 개인·집단에게 모욕, 비하, 멸시, 위협 또는 차별·폭력의 선전과 선동을 함으로써 차별을 정당화·조장·강화하는 효과를 갖는 표현\n\n=== 분류 카테고리 (복수 선택 가능) ===\n- 성별: 성별 기반 차별 및 비하 (예: ""김치녀"", ""맘충"")\n- 연령: 연령대 기반 차별 및 비하 (예: ""꼰대"", ""애새끼"")\n- 정체성: 출신지역, 인종, 성적지향, 종교 등 (예: ""짱깨"", ""일베충"")\n- 욕설: 직접적 욕설이 포함된 혐오표현 (예: ""시발"", ""새끼"")\n- 기타: 위 카테고리에 해당하지 않는 기타 혐오표현\n- 혐오없음: 혐오표현이 아닌 경우\n\n⚠️ 중요: 하나의 텍스트가 여러 카테고리에 동시에 해당할 수 있습니다.\n예시: ""김치녀들 시발 다 똑같아"" → [""성별"", ""욕설""]\n\n=== 참고할 유사 사례들 ===\n관련 유사 사례가 없습니다.\n\n=== 분석 대상 텍스트 ===\n""국민의 주권을 중국에 넘기는 못난 한국인들~정신차려야한다""\n\n=== 분석 지침 ===\n1. 검색된 유사 사례들의 분류와 일관성을 평가하세요\n2. 증거 강도는 유사 사례들의 일관성과 유사도를 종합하여 계산하세요\n3. 혐오표현 정의에 엄격히 따라 판단하세요\n4. 해당하는 모든 카테고리를 포함하세요 (단일 또는 복수)\n5. 복합 혐오표현의 경우 각각의 혐오 요소를 모두 식별하세요\n\n=== 복합 혐오표현 예시 ===\n- ""김치녀들 시발 다 똑같아"" → 성별 비하 + 욕설 → [""성별"", ""욕설""]\n- ""꼰대 일베충들"" → 연령 비하 + 정체성 혐오 → [""연령"", ""정체성""]  \n- ""그 똥양인 새끼들 좆같네"" → 정체성 혐오 + 욕설 → [""정체성"", ""욕설""]\n\nThe output should be formatted as a JSON instance that conforms to the JSON schema below.\n\nAs an example, for the schema {""properties"": {""foo"": {""title"": ""Foo"", ""description"": ""a list of strings"", ""type"": ""array"", ""items"": {""type"": ""string""}}}, ""required"": [""foo""]}\nthe object {""foo"": [""bar"", ""baz""]} is a well-formatted instance of the schema. The object {""properties"": {""foo"": [""bar"", ""baz""]}} is not well-formatted.\n\nHere is the output schema:\n```\n{""description"": ""혐오표현 분류 결과"", ""properties"": {""prompt"": {""anyOf"": [{""type"": ""string""}, {""type"": ""null""}], ""default"": null, ""description"": ""분류에 사용된 프롬프트"", ""title"": ""Prompt""}, ""input_text"": {""description"": ""분석 대상 텍스트"", ""title"": ""Input Text"", ""type"": ""string""}, ""is_hate_speech"": {""description"": ""혐오표현 여부"", ""title"": ""Is Hate Speech"", ""type"": ""boolean""}, ""categories"": {""description"": ""해당하는 혐오표현 카테고리들 (성별, 연령, 정체성, 욕설, 기타, 혐오없음)"", ""items"": {""type"": ""string""}, ""title"": ""Categories"", ""type"": ""array""}, ""evidence_strength"": {""description"": ""증거 강도 (검색 결과 기반, 0.0-1.0)"", ""maximum"": 1.0, ""minimum"": 0.0, ""title"": ""Evidence Strength"", ""type"": ""number""}, ""reasoning"": {""description"": ""분류 근거 및 설명"", ""title"": ""Reasoning"", ""type"": ""string""}, ""similar_cases_used"": {""description"": ""참조한 유사 사례들 (번호)"", ""items"": {""type"": ""string""}, ""title"": ""Similar Cases Used"", ""type"": ""array""}, ""target_group"": {""anyOf"": [{""type"": ""string""}, {""type"": ""null""}], ""default"": null, ""description"": ""혐오 대상 집단 (해당하는 경우)"", ""title"": ""Target Group""}, ""hate_type"": {""anyOf"": [{""type"": ""string""}, {""type"": ""null""}], ""default"": null, ""description"": ""혐오 유형 (모욕/비하/멸시/위협/선동 등)"", ""title"": ""Hate Type""}}, ""required"": [""input_text"", ""is_hate_speech"", ""evidence_strength"", ""reasoning""]}\n```\n' input_text='국민의 주권을 중국에 넘기는 못난 한국인들~정신차려야한다' is_hate_speech=True categories=['정체성'] evidence_strength=0.5 reasoning='‘못난 한국인들’이라고 국적/출신지역 기반 집단(한국인)을 일반화하여 모욕·비하하는 표현으로, 혐오표현 정의(특정 속성을 이유로 모욕/비하)에 해당한다. 욕설이나 폭력 선동은 없지만 집단에 대한 경멸적 지칭이 존재하므로 정체성 카테고리에 해당한다.' similar_cases_used=[] target_group='한국인들(국적/출신지역 기반 집단)' hate_type='모욕/비하'"
UgxMtc5840mmtnc03Fx4AaABAg,False,['혐오없음'],[],,,"Human: 
당신은 혐오표현 분류 전문가입니다.

=== 혐오표현 정의 ===
성별, 장애, 종교, 나이, 출신지역, 인종, 성적지향 등 특정 속성을 이유로  어떤 개인·집단에게 모욕, 비하, 멸시, 위협 또는 차별·폭력의 선전과 선동을 함으로써 차별을 정당화·조장·강화하는 효과를 갖는 표현

=== 분류 카테고리 (복수 선택 가능) ===
- 성별: 성별 기반 차별 및 비하 (예: ""김치녀"", ""맘충"")
- 연령: 연령대 기반 차별 및 비하 (예: ""꼰대"", ""애새끼"")
- 정체성: 출신지역, 인종, 성적지향, 종교 등 (예: ""짱깨"", ""일베충"")
- 욕설: 직접적 욕설이 포함된 혐오표현 (예: ""시발"", ""새끼"")
- 기타: 위 카테고리에 해당하지 않는 기타 혐오표현
- 혐오없음: 혐오표현이 아닌 경우

⚠️ 중요: 하나의 텍스트가 여러 카테고리에 동시에 해당할 수 있습니다.
예시: ""김치녀들 시발 다 똑같아"" → [""성별"", ""욕설""]

=== 참고할 유사 사례들 ===
관련 유사 사례가 없습니다.

=== 분석 대상 텍스트 ===
""어찌해야 하는건가요? 암울하기만 합니다.""

=== 분석 지침 ===
1. 검색된 유사 사례들의 분류와 일관성을 평가하세요
2. 증거 강도는 유사 사례들의 일관성과 유사도를 종합하여 계산하세요
3. 혐오표현 정의에 엄격히 따라 판단하세요
4. 해당하는 모든 카테고리를 포함하세요 (단일 또는 복수)
5. 복합 혐오표현의 경우 각각의 혐오 요소를 모두 식별하세요

=== 복합 혐오표현 예시 ===
- ""김치녀들 시발 다 똑같아"" → 성별 비하 + 욕설 → [""성별"", ""욕설""]
- ""꼰대 일베충들"" → 연령 비하 + 정체성 혐오 → [""연령"", ""정체성""]  
- ""그 똥양인 새끼들 좆같네"" → 정체성 혐오 + 욕설 → [""정체성"", ""욕설""]

The output should be formatted as a JSON instance that conforms to the JSON schema below.

As an example, for the schema {""properties"": {""foo"": {""title"": ""Foo"", ""description"": ""a list of strings"", ""type"": ""array"", ""items"": {""type"": ""string""}}}, ""required"": [""foo""]}
the object {""foo"": [""bar"", ""baz""]} is a well-formatted instance of the schema. The object {""properties"": {""foo"": [""bar"", ""baz""]}} is not well-formatted.

Here is the output schema:
```
{""description"": ""혐오표현 분류 결과"", ""properties"": {""prompt"": {""anyOf"": [{""type"": ""string""}, {""type"": ""null""}], ""default"": null, ""description"": ""분류에 사용된 프롬프트"", ""title"": ""Prompt""}, ""input_text"": {""description"": ""분석 대상 텍스트"", ""title"": ""Input Text"", ""type"": ""string""}, ""is_hate_speech"": {""description"": ""혐오표현 여부"", ""title"": ""Is Hate Speech"", ""type"": ""boolean""}, ""categories"": {""description"": ""해당하는 혐오표현 카테고리들 (성별, 연령, 정체성, 욕설, 기타, 혐오없음)"", ""items"": {""type"": ""string""}, ""title"": ""Categories"", ""type"": ""array""}, ""evidence_strength"": {""description"": ""증거 강도 (검색 결과 기반, 0.0-1.0)"", ""maximum"": 1.0, ""minimum"": 0.0, ""title"": ""Evidence Strength"", ""type"": ""number""}, ""reasoning"": {""description"": ""분류 근거 및 설명"", ""title"": ""Reasoning"", ""type"": ""string""}, ""similar_cases_used"": {""description"": ""참조한 유사 사례들 (번호)"", ""items"": {""type"": ""string""}, ""title"": ""Similar Cases Used"", ""type"": ""array""}, ""target_group"": {""anyOf"": [{""type"": ""string""}, {""type"": ""null""}], ""default"": null, ""description"": ""혐오 대상 집단 (해당하는 경우)"", ""title"": ""Target Group""}, ""hate_type"": {""anyOf"": [{""type"": ""string""}, {""type"": ""null""}], ""default"": null, ""description"": ""혐오 유형 (모욕/비하/멸시/위협/선동 등)"", ""title"": ""Hate Type""}}, ""required"": [""input_text"", ""is_hate_speech"", ""evidence_strength"", ""reasoning""]}
```
","prompt='Human: \n당신은 혐오표현 분류 전문가입니다.\n\n=== 혐오표현 정의 ===\n성별, 장애, 종교, 나이, 출신지역, 인종, 성적지향 등 특정 속성을 이유로  어떤 개인·집단에게 모욕, 비하, 멸시, 위협 또는 차별·폭력의 선전과 선동을 함으로써 차별을 정당화·조장·강화하는 효과를 갖는 표현\n\n=== 분류 카테고리 (복수 선택 가능) ===\n- 성별: 성별 기반 차별 및 비하 (예: ""김치녀"", ""맘충"")\n- 연령: 연령대 기반 차별 및 비하 (예: ""꼰대"", ""애새끼"")\n- 정체성: 출신지역, 인종, 성적지향, 종교 등 (예: ""짱깨"", ""일베충"")\n- 욕설: 직접적 욕설이 포함된 혐오표현 (예: ""시발"", ""새끼"")\n- 기타: 위 카테고리에 해당하지 않는 기타 혐오표현\n- 혐오없음: 혐오표현이 아닌 경우\n\n⚠️ 중요: 하나의 텍스트가 여러 카테고리에 동시에 해당할 수 있습니다.\n예시: ""김치녀들 시발 다 똑같아"" → [""성별"", ""욕설""]\n\n=== 참고할 유사 사례들 ===\n관련 유사 사례가 없습니다.\n\n=== 분석 대상 텍스트 ===\n""어찌해야 하는건가요? 암울하기만 합니다.""\n\n=== 분석 지침 ===\n1. 검색된 유사 사례들의 분류와 일관성을 평가하세요\n2. 증거 강도는 유사 사례들의 일관성과 유사도를 종합하여 계산하세요\n3. 혐오표현 정의에 엄격히 따라 판단하세요\n4. 해당하는 모든 카테고리를 포함하세요 (단일 또는 복수)\n5. 복합 혐오표현의 경우 각각의 혐오 요소를 모두 식별하세요\n\n=== 복합 혐오표현 예시 ===\n- ""김치녀들 시발 다 똑같아"" → 성별 비하 + 욕설 → [""성별"", ""욕설""]\n- ""꼰대 일베충들"" → 연령 비하 + 정체성 혐오 → [""연령"", ""정체성""]  \n- ""그 똥양인 새끼들 좆같네"" → 정체성 혐오 + 욕설 → [""정체성"", ""욕설""]\n\nThe output should be formatted as a JSON instance that conforms to the JSON schema below.\n\nAs an example, for the schema {""properties"": {""foo"": {""title"": ""Foo"", ""description"": ""a list of strings"", ""type"": ""array"", ""items"": {""type"": ""string""}}}, ""required"": [""foo""]}\nthe object {""foo"": [""bar"", ""baz""]} is a well-formatted instance of the schema. The object {""properties"": {""foo"": [""bar"", ""baz""]}} is not well-formatted.\n\nHere is the output schema:\n```\n{""description"": ""혐오표현 분류 결과"", ""properties"": {""prompt"": {""anyOf"": [{""type"": ""string""}, {""type"": ""null""}], ""default"": null, ""description"": ""분류에 사용된 프롬프트"", ""title"": ""Prompt""}, ""input_text"": {""description"": ""분석 대상 텍스트"", ""title"": ""Input Text"", ""type"": ""string""}, ""is_hate_speech"": {""description"": ""혐오표현 여부"", ""title"": ""Is Hate Speech"", ""type"": ""boolean""}, ""categories"": {""description"": ""해당하는 혐오표현 카테고리들 (성별, 연령, 정체성, 욕설, 기타, 혐오없음)"", ""items"": {""type"": ""string""}, ""title"": ""Categories"", ""type"": ""array""}, ""evidence_strength"": {""description"": ""증거 강도 (검색 결과 기반, 0.0-1.0)"", ""maximum"": 1.0, ""minimum"": 0.0, ""title"": ""Evidence Strength"", ""type"": ""number""}, ""reasoning"": {""description"": ""분류 근거 및 설명"", ""title"": ""Reasoning"", ""type"": ""string""}, ""similar_cases_used"": {""description"": ""참조한 유사 사례들 (번호)"", ""items"": {""type"": ""string""}, ""title"": ""Similar Cases Used"", ""type"": ""array""}, ""target_group"": {""anyOf"": [{""type"": ""string""}, {""type"": ""null""}], ""default"": null, ""description"": ""혐오 대상 집단 (해당하는 경우)"", ""title"": ""Target Group""}, ""hate_type"": {""anyOf"": [{""type"": ""string""}, {""type"": ""null""}], ""default"": null, ""description"": ""혐오 유형 (모욕/비하/멸시/위협/선동 등)"", ""title"": ""Hate Type""}}, ""required"": [""input_text"", ""is_hate_speech"", ""evidence_strength"", ""reasoning""]}\n```\n' input_text='어찌해야 하는건가요? 암울하기만 합니다.' is_hate_speech=False categories=['혐오없음'] evidence_strength=0.98 reasoning='특정 집단이나 개인을 속성(성별, 연령, 인종, 종교, 출신지역, 성적지향 등)을 이유로 모욕/비하/멸시/위협/선동하는 내용이 전혀 없으며, 욕설도 포함되지 않은 일반적 감정 표현이다. 유사 사례는 없으나 정의에 비추어 명확히 혐오표현에 해당하지 않는다.' similar_cases_used=[] target_group=None hate_type=None"
