comment_id,is_hate_speech,categories,similar_cases_used,target_group,hate_type,used_prompt,classification_result
UgxG0rkwDbwDzJtkoB54AaABAg.AIsSGVnbwR8AIsifo9v1gg,True,['정체성'],[],광주 지역 주민(출신지역),모욕/비하/멸시,"Human: 
당신은 혐오표현 분류 전문가입니다.

=== 혐오표현 정의 ===
성별, 장애, 종교, 나이, 출신지역, 인종, 성적지향 등 특정 속성을 이유로  어떤 개인·집단에게 모욕, 비하, 멸시, 위협 또는 차별·폭력의 선전과 선동을 함으로써 차별을 정당화·조장·강화하는 효과를 갖는 표현

=== 분류 카테고리 (복수 선택 가능) ===
- 성별: 성별 기반 차별 및 비하 (예: ""김치녀"", ""맘충"")
- 연령: 연령대 기반 차별 및 비하 (예: ""꼰대"", ""애새끼"")
- 정체성: 출신지역, 인종, 성적지향, 종교 등 (예: ""짱깨"", ""일베충"")
- 욕설: 직접적 욕설이 포함된 혐오표현 (예: ""시발"", ""새끼"")
- 기타: 위 카테고리에 해당하지 않는 기타 혐오표현
- 혐오없음: 혐오표현이 아닌 경우

⚠️ 중요: 하나의 텍스트가 여러 카테고리에 동시에 해당할 수 있습니다.
예시: ""김치녀들 시발 다 똑같아"" → [""성별"", ""욕설""]

=== 참고할 유사 사례들 ===
관련 유사 사례가 없습니다.

=== 분석 대상 텍스트 ===
""아니  광주사람이 정치에 통달했다면서 왜 그지역에 사심??? 몇십년이 지나도 거기 욕먹는이유모르겠음????  그지역 이번 사전투표율만봐도아는거 아닌가??    거기는 그렇게  민주당에  당해도  묻지마 민주당이자나   거기는  그냥  다른지역에서 욕하는 이유를 거기만모름    민주화?? 웃기지말라해요  거긴  625때  못넘어간  공산당들후손들이 사상교육잘못한곳이예요  노무현 김대중 애들이  이나라 망친 놈들이고""

=== 분석 지침 ===
1. 검색된 유사 사례들의 분류와 일관성을 평가하세요
2. 증거 강도는 유사 사례들의 일관성과 유사도를 종합하여 계산하세요
3. 혐오표현 정의에 엄격히 따라 판단하세요
4. 해당하는 모든 카테고리를 포함하세요 (단일 또는 복수)
5. 복합 혐오표현의 경우 각각의 혐오 요소를 모두 식별하세요

=== 복합 혐오표현 예시 ===
- ""김치녀들 시발 다 똑같아"" → 성별 비하 + 욕설 → [""성별"", ""욕설""]
- ""꼰대 일베충들"" → 연령 비하 + 정체성 혐오 → [""연령"", ""정체성""]  
- ""그 똥양인 새끼들 좆같네"" → 정체성 혐오 + 욕설 → [""정체성"", ""욕설""]

The output should be formatted as a JSON instance that conforms to the JSON schema below.

As an example, for the schema {""properties"": {""foo"": {""title"": ""Foo"", ""description"": ""a list of strings"", ""type"": ""array"", ""items"": {""type"": ""string""}}}, ""required"": [""foo""]}
the object {""foo"": [""bar"", ""baz""]} is a well-formatted instance of the schema. The object {""properties"": {""foo"": [""bar"", ""baz""]}} is not well-formatted.

Here is the output schema:
```
{""description"": ""혐오표현 분류 결과"", ""properties"": {""prompt"": {""anyOf"": [{""type"": ""string""}, {""type"": ""null""}], ""default"": null, ""description"": ""분류에 사용된 프롬프트"", ""title"": ""Prompt""}, ""input_text"": {""description"": ""분석 대상 텍스트"", ""title"": ""Input Text"", ""type"": ""string""}, ""is_hate_speech"": {""description"": ""혐오표현 여부"", ""title"": ""Is Hate Speech"", ""type"": ""boolean""}, ""categories"": {""description"": ""해당하는 혐오표현 카테고리들 (성별, 연령, 정체성, 욕설, 기타, 혐오없음)"", ""items"": {""type"": ""string""}, ""title"": ""Categories"", ""type"": ""array""}, ""evidence_strength"": {""description"": ""증거 강도 (검색 결과 기반, 0.0-1.0)"", ""maximum"": 1.0, ""minimum"": 0.0, ""title"": ""Evidence Strength"", ""type"": ""number""}, ""reasoning"": {""description"": ""분류 근거 및 설명"", ""title"": ""Reasoning"", ""type"": ""string""}, ""similar_cases_used"": {""description"": ""참조한 유사 사례들 (번호)"", ""items"": {""type"": ""string""}, ""title"": ""Similar Cases Used"", ""type"": ""array""}, ""target_group"": {""anyOf"": [{""type"": ""string""}, {""type"": ""null""}], ""default"": null, ""description"": ""혐오 대상 집단 (해당하는 경우)"", ""title"": ""Target Group""}, ""hate_type"": {""anyOf"": [{""type"": ""string""}, {""type"": ""null""}], ""default"": null, ""description"": ""혐오 유형 (모욕/비하/멸시/위협/선동 등)"", ""title"": ""Hate Type""}}, ""required"": [""input_text"", ""is_hate_speech"", ""evidence_strength"", ""reasoning""]}
```
","prompt='Human: \n당신은 혐오표현 분류 전문가입니다.\n\n=== 혐오표현 정의 ===\n성별, 장애, 종교, 나이, 출신지역, 인종, 성적지향 등 특정 속성을 이유로  어떤 개인·집단에게 모욕, 비하, 멸시, 위협 또는 차별·폭력의 선전과 선동을 함으로써 차별을 정당화·조장·강화하는 효과를 갖는 표현\n\n=== 분류 카테고리 (복수 선택 가능) ===\n- 성별: 성별 기반 차별 및 비하 (예: ""김치녀"", ""맘충"")\n- 연령: 연령대 기반 차별 및 비하 (예: ""꼰대"", ""애새끼"")\n- 정체성: 출신지역, 인종, 성적지향, 종교 등 (예: ""짱깨"", ""일베충"")\n- 욕설: 직접적 욕설이 포함된 혐오표현 (예: ""시발"", ""새끼"")\n- 기타: 위 카테고리에 해당하지 않는 기타 혐오표현\n- 혐오없음: 혐오표현이 아닌 경우\n\n⚠️ 중요: 하나의 텍스트가 여러 카테고리에 동시에 해당할 수 있습니다.\n예시: ""김치녀들 시발 다 똑같아"" → [""성별"", ""욕설""]\n\n=== 참고할 유사 사례들 ===\n관련 유사 사례가 없습니다.\n\n=== 분석 대상 텍스트 ===\n""아니  광주사람이 정치에 통달했다면서 왜 그지역에 사심??? 몇십년이 지나도 거기 욕먹는이유모르겠음????  그지역 이번 사전투표율만봐도아는거 아닌가??    거기는 그렇게  민주당에  당해도  묻지마 민주당이자나   거기는  그냥  다른지역에서 욕하는 이유를 거기만모름    민주화?? 웃기지말라해요  거긴  625때  못넘어간  공산당들후손들이 사상교육잘못한곳이예요  노무현 김대중 애들이  이나라 망친 놈들이고""\n\n=== 분석 지침 ===\n1. 검색된 유사 사례들의 분류와 일관성을 평가하세요\n2. 증거 강도는 유사 사례들의 일관성과 유사도를 종합하여 계산하세요\n3. 혐오표현 정의에 엄격히 따라 판단하세요\n4. 해당하는 모든 카테고리를 포함하세요 (단일 또는 복수)\n5. 복합 혐오표현의 경우 각각의 혐오 요소를 모두 식별하세요\n\n=== 복합 혐오표현 예시 ===\n- ""김치녀들 시발 다 똑같아"" → 성별 비하 + 욕설 → [""성별"", ""욕설""]\n- ""꼰대 일베충들"" → 연령 비하 + 정체성 혐오 → [""연령"", ""정체성""]  \n- ""그 똥양인 새끼들 좆같네"" → 정체성 혐오 + 욕설 → [""정체성"", ""욕설""]\n\nThe output should be formatted as a JSON instance that conforms to the JSON schema below.\n\nAs an example, for the schema {""properties"": {""foo"": {""title"": ""Foo"", ""description"": ""a list of strings"", ""type"": ""array"", ""items"": {""type"": ""string""}}}, ""required"": [""foo""]}\nthe object {""foo"": [""bar"", ""baz""]} is a well-formatted instance of the schema. The object {""properties"": {""foo"": [""bar"", ""baz""]}} is not well-formatted.\n\nHere is the output schema:\n```\n{""description"": ""혐오표현 분류 결과"", ""properties"": {""prompt"": {""anyOf"": [{""type"": ""string""}, {""type"": ""null""}], ""default"": null, ""description"": ""분류에 사용된 프롬프트"", ""title"": ""Prompt""}, ""input_text"": {""description"": ""분석 대상 텍스트"", ""title"": ""Input Text"", ""type"": ""string""}, ""is_hate_speech"": {""description"": ""혐오표현 여부"", ""title"": ""Is Hate Speech"", ""type"": ""boolean""}, ""categories"": {""description"": ""해당하는 혐오표현 카테고리들 (성별, 연령, 정체성, 욕설, 기타, 혐오없음)"", ""items"": {""type"": ""string""}, ""title"": ""Categories"", ""type"": ""array""}, ""evidence_strength"": {""description"": ""증거 강도 (검색 결과 기반, 0.0-1.0)"", ""maximum"": 1.0, ""minimum"": 0.0, ""title"": ""Evidence Strength"", ""type"": ""number""}, ""reasoning"": {""description"": ""분류 근거 및 설명"", ""title"": ""Reasoning"", ""type"": ""string""}, ""similar_cases_used"": {""description"": ""참조한 유사 사례들 (번호)"", ""items"": {""type"": ""string""}, ""title"": ""Similar Cases Used"", ""type"": ""array""}, ""target_group"": {""anyOf"": [{""type"": ""string""}, {""type"": ""null""}], ""default"": null, ""description"": ""혐오 대상 집단 (해당하는 경우)"", ""title"": ""Target Group""}, ""hate_type"": {""anyOf"": [{""type"": ""string""}, {""type"": ""null""}], ""default"": null, ""description"": ""혐오 유형 (모욕/비하/멸시/위협/선동 등)"", ""title"": ""Hate Type""}}, ""required"": [""input_text"", ""is_hate_speech"", ""evidence_strength"", ""reasoning""]}\n```\n' input_text='아니  광주사람이 정치에 통달했다면서 왜 그지역에 사심??? 몇십년이 지나도 거기 욕먹는이유모르겠음????  그지역 이번 사전투표율만봐도아는거 아닌가??    거기는 그렇게  민주당에  당해도  묻지마 민주당이자나   거기는  그냥  다른지역에서 욕하는 이유를 거기만모름    민주화?? 웃기지말라해요  거긴  625때  못넘어간  공산당들후손들이 사상교육잘못한곳이예요  노무현 김대중 애들이  이나라 망친 놈들이고' is_hate_speech=True categories=['정체성'] evidence_strength=0.9 reasoning='광주 지역 사람들을 특정하여 ‘공산당들 후손’, ‘사상교육 잘못한 곳’ 등으로 모욕·비하하고, 지역 전체를 ‘묻지마 민주당’으로 일반화하는 등 출신지역 기반의 혐오표현에 해당한다. 직접적 욕설(시발, 새끼 등)은 사용되지 않았으며, 특정 전직 대통령에 대한 비난은 보호 속성과 무관하나 전체 판단에는 결정적이지 않다.' similar_cases_used=[] target_group='광주 지역 주민(출신지역)' hate_type='모욕/비하/멸시'"
UgxG3scatxgu_Xop7VF4AaABAg,False,['혐오없음'],[],,,"Human: 
당신은 혐오표현 분류 전문가입니다.

=== 혐오표현 정의 ===
성별, 장애, 종교, 나이, 출신지역, 인종, 성적지향 등 특정 속성을 이유로  어떤 개인·집단에게 모욕, 비하, 멸시, 위협 또는 차별·폭력의 선전과 선동을 함으로써 차별을 정당화·조장·강화하는 효과를 갖는 표현

=== 분류 카테고리 (복수 선택 가능) ===
- 성별: 성별 기반 차별 및 비하 (예: ""김치녀"", ""맘충"")
- 연령: 연령대 기반 차별 및 비하 (예: ""꼰대"", ""애새끼"")
- 정체성: 출신지역, 인종, 성적지향, 종교 등 (예: ""짱깨"", ""일베충"")
- 욕설: 직접적 욕설이 포함된 혐오표현 (예: ""시발"", ""새끼"")
- 기타: 위 카테고리에 해당하지 않는 기타 혐오표현
- 혐오없음: 혐오표현이 아닌 경우

⚠️ 중요: 하나의 텍스트가 여러 카테고리에 동시에 해당할 수 있습니다.
예시: ""김치녀들 시발 다 똑같아"" → [""성별"", ""욕설""]

=== 참고할 유사 사례들 ===
관련 유사 사례가 없습니다.

=== 분석 대상 텍스트 ===
""대한미국 국민이라면 이 영상을 꼭 봐야 할텐데 그리고 뭔가 잘 못 되고 있는 것을 느껴야 할텐데...""

=== 분석 지침 ===
1. 검색된 유사 사례들의 분류와 일관성을 평가하세요
2. 증거 강도는 유사 사례들의 일관성과 유사도를 종합하여 계산하세요
3. 혐오표현 정의에 엄격히 따라 판단하세요
4. 해당하는 모든 카테고리를 포함하세요 (단일 또는 복수)
5. 복합 혐오표현의 경우 각각의 혐오 요소를 모두 식별하세요

=== 복합 혐오표현 예시 ===
- ""김치녀들 시발 다 똑같아"" → 성별 비하 + 욕설 → [""성별"", ""욕설""]
- ""꼰대 일베충들"" → 연령 비하 + 정체성 혐오 → [""연령"", ""정체성""]  
- ""그 똥양인 새끼들 좆같네"" → 정체성 혐오 + 욕설 → [""정체성"", ""욕설""]

The output should be formatted as a JSON instance that conforms to the JSON schema below.

As an example, for the schema {""properties"": {""foo"": {""title"": ""Foo"", ""description"": ""a list of strings"", ""type"": ""array"", ""items"": {""type"": ""string""}}}, ""required"": [""foo""]}
the object {""foo"": [""bar"", ""baz""]} is a well-formatted instance of the schema. The object {""properties"": {""foo"": [""bar"", ""baz""]}} is not well-formatted.

Here is the output schema:
```
{""description"": ""혐오표현 분류 결과"", ""properties"": {""prompt"": {""anyOf"": [{""type"": ""string""}, {""type"": ""null""}], ""default"": null, ""description"": ""분류에 사용된 프롬프트"", ""title"": ""Prompt""}, ""input_text"": {""description"": ""분석 대상 텍스트"", ""title"": ""Input Text"", ""type"": ""string""}, ""is_hate_speech"": {""description"": ""혐오표현 여부"", ""title"": ""Is Hate Speech"", ""type"": ""boolean""}, ""categories"": {""description"": ""해당하는 혐오표현 카테고리들 (성별, 연령, 정체성, 욕설, 기타, 혐오없음)"", ""items"": {""type"": ""string""}, ""title"": ""Categories"", ""type"": ""array""}, ""evidence_strength"": {""description"": ""증거 강도 (검색 결과 기반, 0.0-1.0)"", ""maximum"": 1.0, ""minimum"": 0.0, ""title"": ""Evidence Strength"", ""type"": ""number""}, ""reasoning"": {""description"": ""분류 근거 및 설명"", ""title"": ""Reasoning"", ""type"": ""string""}, ""similar_cases_used"": {""description"": ""참조한 유사 사례들 (번호)"", ""items"": {""type"": ""string""}, ""title"": ""Similar Cases Used"", ""type"": ""array""}, ""target_group"": {""anyOf"": [{""type"": ""string""}, {""type"": ""null""}], ""default"": null, ""description"": ""혐오 대상 집단 (해당하는 경우)"", ""title"": ""Target Group""}, ""hate_type"": {""anyOf"": [{""type"": ""string""}, {""type"": ""null""}], ""default"": null, ""description"": ""혐오 유형 (모욕/비하/멸시/위협/선동 등)"", ""title"": ""Hate Type""}}, ""required"": [""input_text"", ""is_hate_speech"", ""evidence_strength"", ""reasoning""]}
```
","prompt='Human: \n당신은 혐오표현 분류 전문가입니다.\n\n=== 혐오표현 정의 ===\n성별, 장애, 종교, 나이, 출신지역, 인종, 성적지향 등 특정 속성을 이유로  어떤 개인·집단에게 모욕, 비하, 멸시, 위협 또는 차별·폭력의 선전과 선동을 함으로써 차별을 정당화·조장·강화하는 효과를 갖는 표현\n\n=== 분류 카테고리 (복수 선택 가능) ===\n- 성별: 성별 기반 차별 및 비하 (예: ""김치녀"", ""맘충"")\n- 연령: 연령대 기반 차별 및 비하 (예: ""꼰대"", ""애새끼"")\n- 정체성: 출신지역, 인종, 성적지향, 종교 등 (예: ""짱깨"", ""일베충"")\n- 욕설: 직접적 욕설이 포함된 혐오표현 (예: ""시발"", ""새끼"")\n- 기타: 위 카테고리에 해당하지 않는 기타 혐오표현\n- 혐오없음: 혐오표현이 아닌 경우\n\n⚠️ 중요: 하나의 텍스트가 여러 카테고리에 동시에 해당할 수 있습니다.\n예시: ""김치녀들 시발 다 똑같아"" → [""성별"", ""욕설""]\n\n=== 참고할 유사 사례들 ===\n관련 유사 사례가 없습니다.\n\n=== 분석 대상 텍스트 ===\n""대한미국 국민이라면 이 영상을 꼭 봐야 할텐데 그리고 뭔가 잘 못 되고 있는 것을 느껴야 할텐데...""\n\n=== 분석 지침 ===\n1. 검색된 유사 사례들의 분류와 일관성을 평가하세요\n2. 증거 강도는 유사 사례들의 일관성과 유사도를 종합하여 계산하세요\n3. 혐오표현 정의에 엄격히 따라 판단하세요\n4. 해당하는 모든 카테고리를 포함하세요 (단일 또는 복수)\n5. 복합 혐오표현의 경우 각각의 혐오 요소를 모두 식별하세요\n\n=== 복합 혐오표현 예시 ===\n- ""김치녀들 시발 다 똑같아"" → 성별 비하 + 욕설 → [""성별"", ""욕설""]\n- ""꼰대 일베충들"" → 연령 비하 + 정체성 혐오 → [""연령"", ""정체성""]  \n- ""그 똥양인 새끼들 좆같네"" → 정체성 혐오 + 욕설 → [""정체성"", ""욕설""]\n\nThe output should be formatted as a JSON instance that conforms to the JSON schema below.\n\nAs an example, for the schema {""properties"": {""foo"": {""title"": ""Foo"", ""description"": ""a list of strings"", ""type"": ""array"", ""items"": {""type"": ""string""}}}, ""required"": [""foo""]}\nthe object {""foo"": [""bar"", ""baz""]} is a well-formatted instance of the schema. The object {""properties"": {""foo"": [""bar"", ""baz""]}} is not well-formatted.\n\nHere is the output schema:\n```\n{""description"": ""혐오표현 분류 결과"", ""properties"": {""prompt"": {""anyOf"": [{""type"": ""string""}, {""type"": ""null""}], ""default"": null, ""description"": ""분류에 사용된 프롬프트"", ""title"": ""Prompt""}, ""input_text"": {""description"": ""분석 대상 텍스트"", ""title"": ""Input Text"", ""type"": ""string""}, ""is_hate_speech"": {""description"": ""혐오표현 여부"", ""title"": ""Is Hate Speech"", ""type"": ""boolean""}, ""categories"": {""description"": ""해당하는 혐오표현 카테고리들 (성별, 연령, 정체성, 욕설, 기타, 혐오없음)"", ""items"": {""type"": ""string""}, ""title"": ""Categories"", ""type"": ""array""}, ""evidence_strength"": {""description"": ""증거 강도 (검색 결과 기반, 0.0-1.0)"", ""maximum"": 1.0, ""minimum"": 0.0, ""title"": ""Evidence Strength"", ""type"": ""number""}, ""reasoning"": {""description"": ""분류 근거 및 설명"", ""title"": ""Reasoning"", ""type"": ""string""}, ""similar_cases_used"": {""description"": ""참조한 유사 사례들 (번호)"", ""items"": {""type"": ""string""}, ""title"": ""Similar Cases Used"", ""type"": ""array""}, ""target_group"": {""anyOf"": [{""type"": ""string""}, {""type"": ""null""}], ""default"": null, ""description"": ""혐오 대상 집단 (해당하는 경우)"", ""title"": ""Target Group""}, ""hate_type"": {""anyOf"": [{""type"": ""string""}, {""type"": ""null""}], ""default"": null, ""description"": ""혐오 유형 (모욕/비하/멸시/위협/선동 등)"", ""title"": ""Hate Type""}}, ""required"": [""input_text"", ""is_hate_speech"", ""evidence_strength"", ""reasoning""]}\n```\n' input_text='""대한미국 국민이라면 이 영상을 꼭 봐야 할텐데 그리고 뭔가 잘 못 되고 있는 것을 느껴야 할텐데...""' is_hate_speech=False categories=['혐오없음'] evidence_strength=0.7 reasoning='특정 보호집단을 모욕·비하·멸시·위협하거나 차별/폭력을 선동하는 표현이 없다. ‘대한미국 국민’이라는 표현은 집단을 호명하지만 비하나 차별적 의미 없이 시청을 권유하고 문제의식을 제기하는 내용에 그친다.' similar_cases_used=[] target_group=None hate_type=None"
UgxG4usrQRO7FY95XcB4AaABAg,False,['혐오없음'],[],,,"Human: 
당신은 혐오표현 분류 전문가입니다.

=== 혐오표현 정의 ===
성별, 장애, 종교, 나이, 출신지역, 인종, 성적지향 등 특정 속성을 이유로  어떤 개인·집단에게 모욕, 비하, 멸시, 위협 또는 차별·폭력의 선전과 선동을 함으로써 차별을 정당화·조장·강화하는 효과를 갖는 표현

=== 분류 카테고리 (복수 선택 가능) ===
- 성별: 성별 기반 차별 및 비하 (예: ""김치녀"", ""맘충"")
- 연령: 연령대 기반 차별 및 비하 (예: ""꼰대"", ""애새끼"")
- 정체성: 출신지역, 인종, 성적지향, 종교 등 (예: ""짱깨"", ""일베충"")
- 욕설: 직접적 욕설이 포함된 혐오표현 (예: ""시발"", ""새끼"")
- 기타: 위 카테고리에 해당하지 않는 기타 혐오표현
- 혐오없음: 혐오표현이 아닌 경우

⚠️ 중요: 하나의 텍스트가 여러 카테고리에 동시에 해당할 수 있습니다.
예시: ""김치녀들 시발 다 똑같아"" → [""성별"", ""욕설""]

=== 참고할 유사 사례들 ===
관련 유사 사례가 없습니다.

=== 분석 대상 텍스트 ===
""추방시켜야줘""

=== 분석 지침 ===
1. 검색된 유사 사례들의 분류와 일관성을 평가하세요
2. 증거 강도는 유사 사례들의 일관성과 유사도를 종합하여 계산하세요
3. 혐오표현 정의에 엄격히 따라 판단하세요
4. 해당하는 모든 카테고리를 포함하세요 (단일 또는 복수)
5. 복합 혐오표현의 경우 각각의 혐오 요소를 모두 식별하세요

=== 복합 혐오표현 예시 ===
- ""김치녀들 시발 다 똑같아"" → 성별 비하 + 욕설 → [""성별"", ""욕설""]
- ""꼰대 일베충들"" → 연령 비하 + 정체성 혐오 → [""연령"", ""정체성""]  
- ""그 똥양인 새끼들 좆같네"" → 정체성 혐오 + 욕설 → [""정체성"", ""욕설""]

The output should be formatted as a JSON instance that conforms to the JSON schema below.

As an example, for the schema {""properties"": {""foo"": {""title"": ""Foo"", ""description"": ""a list of strings"", ""type"": ""array"", ""items"": {""type"": ""string""}}}, ""required"": [""foo""]}
the object {""foo"": [""bar"", ""baz""]} is a well-formatted instance of the schema. The object {""properties"": {""foo"": [""bar"", ""baz""]}} is not well-formatted.

Here is the output schema:
```
{""description"": ""혐오표현 분류 결과"", ""properties"": {""prompt"": {""anyOf"": [{""type"": ""string""}, {""type"": ""null""}], ""default"": null, ""description"": ""분류에 사용된 프롬프트"", ""title"": ""Prompt""}, ""input_text"": {""description"": ""분석 대상 텍스트"", ""title"": ""Input Text"", ""type"": ""string""}, ""is_hate_speech"": {""description"": ""혐오표현 여부"", ""title"": ""Is Hate Speech"", ""type"": ""boolean""}, ""categories"": {""description"": ""해당하는 혐오표현 카테고리들 (성별, 연령, 정체성, 욕설, 기타, 혐오없음)"", ""items"": {""type"": ""string""}, ""title"": ""Categories"", ""type"": ""array""}, ""evidence_strength"": {""description"": ""증거 강도 (검색 결과 기반, 0.0-1.0)"", ""maximum"": 1.0, ""minimum"": 0.0, ""title"": ""Evidence Strength"", ""type"": ""number""}, ""reasoning"": {""description"": ""분류 근거 및 설명"", ""title"": ""Reasoning"", ""type"": ""string""}, ""similar_cases_used"": {""description"": ""참조한 유사 사례들 (번호)"", ""items"": {""type"": ""string""}, ""title"": ""Similar Cases Used"", ""type"": ""array""}, ""target_group"": {""anyOf"": [{""type"": ""string""}, {""type"": ""null""}], ""default"": null, ""description"": ""혐오 대상 집단 (해당하는 경우)"", ""title"": ""Target Group""}, ""hate_type"": {""anyOf"": [{""type"": ""string""}, {""type"": ""null""}], ""default"": null, ""description"": ""혐오 유형 (모욕/비하/멸시/위협/선동 등)"", ""title"": ""Hate Type""}}, ""required"": [""input_text"", ""is_hate_speech"", ""evidence_strength"", ""reasoning""]}
```
","prompt='Human: \n당신은 혐오표현 분류 전문가입니다.\n\n=== 혐오표현 정의 ===\n성별, 장애, 종교, 나이, 출신지역, 인종, 성적지향 등 특정 속성을 이유로  어떤 개인·집단에게 모욕, 비하, 멸시, 위협 또는 차별·폭력의 선전과 선동을 함으로써 차별을 정당화·조장·강화하는 효과를 갖는 표현\n\n=== 분류 카테고리 (복수 선택 가능) ===\n- 성별: 성별 기반 차별 및 비하 (예: ""김치녀"", ""맘충"")\n- 연령: 연령대 기반 차별 및 비하 (예: ""꼰대"", ""애새끼"")\n- 정체성: 출신지역, 인종, 성적지향, 종교 등 (예: ""짱깨"", ""일베충"")\n- 욕설: 직접적 욕설이 포함된 혐오표현 (예: ""시발"", ""새끼"")\n- 기타: 위 카테고리에 해당하지 않는 기타 혐오표현\n- 혐오없음: 혐오표현이 아닌 경우\n\n⚠️ 중요: 하나의 텍스트가 여러 카테고리에 동시에 해당할 수 있습니다.\n예시: ""김치녀들 시발 다 똑같아"" → [""성별"", ""욕설""]\n\n=== 참고할 유사 사례들 ===\n관련 유사 사례가 없습니다.\n\n=== 분석 대상 텍스트 ===\n""추방시켜야줘""\n\n=== 분석 지침 ===\n1. 검색된 유사 사례들의 분류와 일관성을 평가하세요\n2. 증거 강도는 유사 사례들의 일관성과 유사도를 종합하여 계산하세요\n3. 혐오표현 정의에 엄격히 따라 판단하세요\n4. 해당하는 모든 카테고리를 포함하세요 (단일 또는 복수)\n5. 복합 혐오표현의 경우 각각의 혐오 요소를 모두 식별하세요\n\n=== 복합 혐오표현 예시 ===\n- ""김치녀들 시발 다 똑같아"" → 성별 비하 + 욕설 → [""성별"", ""욕설""]\n- ""꼰대 일베충들"" → 연령 비하 + 정체성 혐오 → [""연령"", ""정체성""]  \n- ""그 똥양인 새끼들 좆같네"" → 정체성 혐오 + 욕설 → [""정체성"", ""욕설""]\n\nThe output should be formatted as a JSON instance that conforms to the JSON schema below.\n\nAs an example, for the schema {""properties"": {""foo"": {""title"": ""Foo"", ""description"": ""a list of strings"", ""type"": ""array"", ""items"": {""type"": ""string""}}}, ""required"": [""foo""]}\nthe object {""foo"": [""bar"", ""baz""]} is a well-formatted instance of the schema. The object {""properties"": {""foo"": [""bar"", ""baz""]}} is not well-formatted.\n\nHere is the output schema:\n```\n{""description"": ""혐오표현 분류 결과"", ""properties"": {""prompt"": {""anyOf"": [{""type"": ""string""}, {""type"": ""null""}], ""default"": null, ""description"": ""분류에 사용된 프롬프트"", ""title"": ""Prompt""}, ""input_text"": {""description"": ""분석 대상 텍스트"", ""title"": ""Input Text"", ""type"": ""string""}, ""is_hate_speech"": {""description"": ""혐오표현 여부"", ""title"": ""Is Hate Speech"", ""type"": ""boolean""}, ""categories"": {""description"": ""해당하는 혐오표현 카테고리들 (성별, 연령, 정체성, 욕설, 기타, 혐오없음)"", ""items"": {""type"": ""string""}, ""title"": ""Categories"", ""type"": ""array""}, ""evidence_strength"": {""description"": ""증거 강도 (검색 결과 기반, 0.0-1.0)"", ""maximum"": 1.0, ""minimum"": 0.0, ""title"": ""Evidence Strength"", ""type"": ""number""}, ""reasoning"": {""description"": ""분류 근거 및 설명"", ""title"": ""Reasoning"", ""type"": ""string""}, ""similar_cases_used"": {""description"": ""참조한 유사 사례들 (번호)"", ""items"": {""type"": ""string""}, ""title"": ""Similar Cases Used"", ""type"": ""array""}, ""target_group"": {""anyOf"": [{""type"": ""string""}, {""type"": ""null""}], ""default"": null, ""description"": ""혐오 대상 집단 (해당하는 경우)"", ""title"": ""Target Group""}, ""hate_type"": {""anyOf"": [{""type"": ""string""}, {""type"": ""null""}], ""default"": null, ""description"": ""혐오 유형 (모욕/비하/멸시/위협/선동 등)"", ""title"": ""Hate Type""}}, ""required"": [""input_text"", ""is_hate_speech"", ""evidence_strength"", ""reasoning""]}\n```\n' input_text='추방시켜야줘' is_hate_speech=False categories=['혐오없음'] evidence_strength=0.1 reasoning='문구는 ‘추방시켜야 한다’는 의미이나, 특정 속성(성별, 연령, 출신지역/인종/국적, 종교 등)을 가진 집단을 명시하지 않아 혐오표현 정의의 요건(특정 속성을 이유로 한 모욕/비하/차별 선동 등)을 충족하지 않습니다. 대상이 불명확하여 혐오표현으로 볼 근거가 부족합니다.' similar_cases_used=[] target_group=None hate_type=None"
UgxG61Ez7iktDNI3WFp4AaABAg,False,['혐오없음'],[],,,"Human: 
당신은 혐오표현 분류 전문가입니다.

=== 혐오표현 정의 ===
성별, 장애, 종교, 나이, 출신지역, 인종, 성적지향 등 특정 속성을 이유로  어떤 개인·집단에게 모욕, 비하, 멸시, 위협 또는 차별·폭력의 선전과 선동을 함으로써 차별을 정당화·조장·강화하는 효과를 갖는 표현

=== 분류 카테고리 (복수 선택 가능) ===
- 성별: 성별 기반 차별 및 비하 (예: ""김치녀"", ""맘충"")
- 연령: 연령대 기반 차별 및 비하 (예: ""꼰대"", ""애새끼"")
- 정체성: 출신지역, 인종, 성적지향, 종교 등 (예: ""짱깨"", ""일베충"")
- 욕설: 직접적 욕설이 포함된 혐오표현 (예: ""시발"", ""새끼"")
- 기타: 위 카테고리에 해당하지 않는 기타 혐오표현
- 혐오없음: 혐오표현이 아닌 경우

⚠️ 중요: 하나의 텍스트가 여러 카테고리에 동시에 해당할 수 있습니다.
예시: ""김치녀들 시발 다 똑같아"" → [""성별"", ""욕설""]

=== 참고할 유사 사례들 ===
관련 유사 사례가 없습니다.

=== 분석 대상 텍스트 ===
""중복투표로 무효가 될지도 모르는게 아니고 그 자체가 부정선거고 무효지요.""

=== 분석 지침 ===
1. 검색된 유사 사례들의 분류와 일관성을 평가하세요
2. 증거 강도는 유사 사례들의 일관성과 유사도를 종합하여 계산하세요
3. 혐오표현 정의에 엄격히 따라 판단하세요
4. 해당하는 모든 카테고리를 포함하세요 (단일 또는 복수)
5. 복합 혐오표현의 경우 각각의 혐오 요소를 모두 식별하세요

=== 복합 혐오표현 예시 ===
- ""김치녀들 시발 다 똑같아"" → 성별 비하 + 욕설 → [""성별"", ""욕설""]
- ""꼰대 일베충들"" → 연령 비하 + 정체성 혐오 → [""연령"", ""정체성""]  
- ""그 똥양인 새끼들 좆같네"" → 정체성 혐오 + 욕설 → [""정체성"", ""욕설""]

The output should be formatted as a JSON instance that conforms to the JSON schema below.

As an example, for the schema {""properties"": {""foo"": {""title"": ""Foo"", ""description"": ""a list of strings"", ""type"": ""array"", ""items"": {""type"": ""string""}}}, ""required"": [""foo""]}
the object {""foo"": [""bar"", ""baz""]} is a well-formatted instance of the schema. The object {""properties"": {""foo"": [""bar"", ""baz""]}} is not well-formatted.

Here is the output schema:
```
{""description"": ""혐오표현 분류 결과"", ""properties"": {""prompt"": {""anyOf"": [{""type"": ""string""}, {""type"": ""null""}], ""default"": null, ""description"": ""분류에 사용된 프롬프트"", ""title"": ""Prompt""}, ""input_text"": {""description"": ""분석 대상 텍스트"", ""title"": ""Input Text"", ""type"": ""string""}, ""is_hate_speech"": {""description"": ""혐오표현 여부"", ""title"": ""Is Hate Speech"", ""type"": ""boolean""}, ""categories"": {""description"": ""해당하는 혐오표현 카테고리들 (성별, 연령, 정체성, 욕설, 기타, 혐오없음)"", ""items"": {""type"": ""string""}, ""title"": ""Categories"", ""type"": ""array""}, ""evidence_strength"": {""description"": ""증거 강도 (검색 결과 기반, 0.0-1.0)"", ""maximum"": 1.0, ""minimum"": 0.0, ""title"": ""Evidence Strength"", ""type"": ""number""}, ""reasoning"": {""description"": ""분류 근거 및 설명"", ""title"": ""Reasoning"", ""type"": ""string""}, ""similar_cases_used"": {""description"": ""참조한 유사 사례들 (번호)"", ""items"": {""type"": ""string""}, ""title"": ""Similar Cases Used"", ""type"": ""array""}, ""target_group"": {""anyOf"": [{""type"": ""string""}, {""type"": ""null""}], ""default"": null, ""description"": ""혐오 대상 집단 (해당하는 경우)"", ""title"": ""Target Group""}, ""hate_type"": {""anyOf"": [{""type"": ""string""}, {""type"": ""null""}], ""default"": null, ""description"": ""혐오 유형 (모욕/비하/멸시/위협/선동 등)"", ""title"": ""Hate Type""}}, ""required"": [""input_text"", ""is_hate_speech"", ""evidence_strength"", ""reasoning""]}
```
","prompt='Human: \n당신은 혐오표현 분류 전문가입니다.\n\n=== 혐오표현 정의 ===\n성별, 장애, 종교, 나이, 출신지역, 인종, 성적지향 등 특정 속성을 이유로  어떤 개인·집단에게 모욕, 비하, 멸시, 위협 또는 차별·폭력의 선전과 선동을 함으로써 차별을 정당화·조장·강화하는 효과를 갖는 표현\n\n=== 분류 카테고리 (복수 선택 가능) ===\n- 성별: 성별 기반 차별 및 비하 (예: ""김치녀"", ""맘충"")\n- 연령: 연령대 기반 차별 및 비하 (예: ""꼰대"", ""애새끼"")\n- 정체성: 출신지역, 인종, 성적지향, 종교 등 (예: ""짱깨"", ""일베충"")\n- 욕설: 직접적 욕설이 포함된 혐오표현 (예: ""시발"", ""새끼"")\n- 기타: 위 카테고리에 해당하지 않는 기타 혐오표현\n- 혐오없음: 혐오표현이 아닌 경우\n\n⚠️ 중요: 하나의 텍스트가 여러 카테고리에 동시에 해당할 수 있습니다.\n예시: ""김치녀들 시발 다 똑같아"" → [""성별"", ""욕설""]\n\n=== 참고할 유사 사례들 ===\n관련 유사 사례가 없습니다.\n\n=== 분석 대상 텍스트 ===\n""중복투표로 무효가 될지도 모르는게 아니고 그 자체가 부정선거고 무효지요.""\n\n=== 분석 지침 ===\n1. 검색된 유사 사례들의 분류와 일관성을 평가하세요\n2. 증거 강도는 유사 사례들의 일관성과 유사도를 종합하여 계산하세요\n3. 혐오표현 정의에 엄격히 따라 판단하세요\n4. 해당하는 모든 카테고리를 포함하세요 (단일 또는 복수)\n5. 복합 혐오표현의 경우 각각의 혐오 요소를 모두 식별하세요\n\n=== 복합 혐오표현 예시 ===\n- ""김치녀들 시발 다 똑같아"" → 성별 비하 + 욕설 → [""성별"", ""욕설""]\n- ""꼰대 일베충들"" → 연령 비하 + 정체성 혐오 → [""연령"", ""정체성""]  \n- ""그 똥양인 새끼들 좆같네"" → 정체성 혐오 + 욕설 → [""정체성"", ""욕설""]\n\nThe output should be formatted as a JSON instance that conforms to the JSON schema below.\n\nAs an example, for the schema {""properties"": {""foo"": {""title"": ""Foo"", ""description"": ""a list of strings"", ""type"": ""array"", ""items"": {""type"": ""string""}}}, ""required"": [""foo""]}\nthe object {""foo"": [""bar"", ""baz""]} is a well-formatted instance of the schema. The object {""properties"": {""foo"": [""bar"", ""baz""]}} is not well-formatted.\n\nHere is the output schema:\n```\n{""description"": ""혐오표현 분류 결과"", ""properties"": {""prompt"": {""anyOf"": [{""type"": ""string""}, {""type"": ""null""}], ""default"": null, ""description"": ""분류에 사용된 프롬프트"", ""title"": ""Prompt""}, ""input_text"": {""description"": ""분석 대상 텍스트"", ""title"": ""Input Text"", ""type"": ""string""}, ""is_hate_speech"": {""description"": ""혐오표현 여부"", ""title"": ""Is Hate Speech"", ""type"": ""boolean""}, ""categories"": {""description"": ""해당하는 혐오표현 카테고리들 (성별, 연령, 정체성, 욕설, 기타, 혐오없음)"", ""items"": {""type"": ""string""}, ""title"": ""Categories"", ""type"": ""array""}, ""evidence_strength"": {""description"": ""증거 강도 (검색 결과 기반, 0.0-1.0)"", ""maximum"": 1.0, ""minimum"": 0.0, ""title"": ""Evidence Strength"", ""type"": ""number""}, ""reasoning"": {""description"": ""분류 근거 및 설명"", ""title"": ""Reasoning"", ""type"": ""string""}, ""similar_cases_used"": {""description"": ""참조한 유사 사례들 (번호)"", ""items"": {""type"": ""string""}, ""title"": ""Similar Cases Used"", ""type"": ""array""}, ""target_group"": {""anyOf"": [{""type"": ""string""}, {""type"": ""null""}], ""default"": null, ""description"": ""혐오 대상 집단 (해당하는 경우)"", ""title"": ""Target Group""}, ""hate_type"": {""anyOf"": [{""type"": ""string""}, {""type"": ""null""}], ""default"": null, ""description"": ""혐오 유형 (모욕/비하/멸시/위협/선동 등)"", ""title"": ""Hate Type""}}, ""required"": [""input_text"", ""is_hate_speech"", ""evidence_strength"", ""reasoning""]}\n```\n' input_text='중복투표로 무효가 될지도 모르는게 아니고 그 자체가 부정선거고 무효지요.' is_hate_speech=False categories=['혐오없음'] evidence_strength=0.5 reasoning='선거 절차에 대한 주장으로, 특정 보호 대상 집단을 모욕·비하·멸시하거나 차별·폭력을 선동하는 요소가 없다. 욕설도 포함되지 않는다.' similar_cases_used=[] target_group=None hate_type=None"
UgxG68No56VbTShsF7p4AaABAg,False,['혐오없음'],[],,,"Human: 
당신은 혐오표현 분류 전문가입니다.

=== 혐오표현 정의 ===
성별, 장애, 종교, 나이, 출신지역, 인종, 성적지향 등 특정 속성을 이유로  어떤 개인·집단에게 모욕, 비하, 멸시, 위협 또는 차별·폭력의 선전과 선동을 함으로써 차별을 정당화·조장·강화하는 효과를 갖는 표현

=== 분류 카테고리 (복수 선택 가능) ===
- 성별: 성별 기반 차별 및 비하 (예: ""김치녀"", ""맘충"")
- 연령: 연령대 기반 차별 및 비하 (예: ""꼰대"", ""애새끼"")
- 정체성: 출신지역, 인종, 성적지향, 종교 등 (예: ""짱깨"", ""일베충"")
- 욕설: 직접적 욕설이 포함된 혐오표현 (예: ""시발"", ""새끼"")
- 기타: 위 카테고리에 해당하지 않는 기타 혐오표현
- 혐오없음: 혐오표현이 아닌 경우

⚠️ 중요: 하나의 텍스트가 여러 카테고리에 동시에 해당할 수 있습니다.
예시: ""김치녀들 시발 다 똑같아"" → [""성별"", ""욕설""]

=== 참고할 유사 사례들 ===
관련 유사 사례가 없습니다.

=== 분석 대상 텍스트 ===
""검찰ㆍ경찰 ㆍ헌재  다잡고  있으니  누가 움직이나요?  공산당이됐어요""

=== 분석 지침 ===
1. 검색된 유사 사례들의 분류와 일관성을 평가하세요
2. 증거 강도는 유사 사례들의 일관성과 유사도를 종합하여 계산하세요
3. 혐오표현 정의에 엄격히 따라 판단하세요
4. 해당하는 모든 카테고리를 포함하세요 (단일 또는 복수)
5. 복합 혐오표현의 경우 각각의 혐오 요소를 모두 식별하세요

=== 복합 혐오표현 예시 ===
- ""김치녀들 시발 다 똑같아"" → 성별 비하 + 욕설 → [""성별"", ""욕설""]
- ""꼰대 일베충들"" → 연령 비하 + 정체성 혐오 → [""연령"", ""정체성""]  
- ""그 똥양인 새끼들 좆같네"" → 정체성 혐오 + 욕설 → [""정체성"", ""욕설""]

The output should be formatted as a JSON instance that conforms to the JSON schema below.

As an example, for the schema {""properties"": {""foo"": {""title"": ""Foo"", ""description"": ""a list of strings"", ""type"": ""array"", ""items"": {""type"": ""string""}}}, ""required"": [""foo""]}
the object {""foo"": [""bar"", ""baz""]} is a well-formatted instance of the schema. The object {""properties"": {""foo"": [""bar"", ""baz""]}} is not well-formatted.

Here is the output schema:
```
{""description"": ""혐오표현 분류 결과"", ""properties"": {""prompt"": {""anyOf"": [{""type"": ""string""}, {""type"": ""null""}], ""default"": null, ""description"": ""분류에 사용된 프롬프트"", ""title"": ""Prompt""}, ""input_text"": {""description"": ""분석 대상 텍스트"", ""title"": ""Input Text"", ""type"": ""string""}, ""is_hate_speech"": {""description"": ""혐오표현 여부"", ""title"": ""Is Hate Speech"", ""type"": ""boolean""}, ""categories"": {""description"": ""해당하는 혐오표현 카테고리들 (성별, 연령, 정체성, 욕설, 기타, 혐오없음)"", ""items"": {""type"": ""string""}, ""title"": ""Categories"", ""type"": ""array""}, ""evidence_strength"": {""description"": ""증거 강도 (검색 결과 기반, 0.0-1.0)"", ""maximum"": 1.0, ""minimum"": 0.0, ""title"": ""Evidence Strength"", ""type"": ""number""}, ""reasoning"": {""description"": ""분류 근거 및 설명"", ""title"": ""Reasoning"", ""type"": ""string""}, ""similar_cases_used"": {""description"": ""참조한 유사 사례들 (번호)"", ""items"": {""type"": ""string""}, ""title"": ""Similar Cases Used"", ""type"": ""array""}, ""target_group"": {""anyOf"": [{""type"": ""string""}, {""type"": ""null""}], ""default"": null, ""description"": ""혐오 대상 집단 (해당하는 경우)"", ""title"": ""Target Group""}, ""hate_type"": {""anyOf"": [{""type"": ""string""}, {""type"": ""null""}], ""default"": null, ""description"": ""혐오 유형 (모욕/비하/멸시/위협/선동 등)"", ""title"": ""Hate Type""}}, ""required"": [""input_text"", ""is_hate_speech"", ""evidence_strength"", ""reasoning""]}
```
","prompt='Human: \n당신은 혐오표현 분류 전문가입니다.\n\n=== 혐오표현 정의 ===\n성별, 장애, 종교, 나이, 출신지역, 인종, 성적지향 등 특정 속성을 이유로  어떤 개인·집단에게 모욕, 비하, 멸시, 위협 또는 차별·폭력의 선전과 선동을 함으로써 차별을 정당화·조장·강화하는 효과를 갖는 표현\n\n=== 분류 카테고리 (복수 선택 가능) ===\n- 성별: 성별 기반 차별 및 비하 (예: ""김치녀"", ""맘충"")\n- 연령: 연령대 기반 차별 및 비하 (예: ""꼰대"", ""애새끼"")\n- 정체성: 출신지역, 인종, 성적지향, 종교 등 (예: ""짱깨"", ""일베충"")\n- 욕설: 직접적 욕설이 포함된 혐오표현 (예: ""시발"", ""새끼"")\n- 기타: 위 카테고리에 해당하지 않는 기타 혐오표현\n- 혐오없음: 혐오표현이 아닌 경우\n\n⚠️ 중요: 하나의 텍스트가 여러 카테고리에 동시에 해당할 수 있습니다.\n예시: ""김치녀들 시발 다 똑같아"" → [""성별"", ""욕설""]\n\n=== 참고할 유사 사례들 ===\n관련 유사 사례가 없습니다.\n\n=== 분석 대상 텍스트 ===\n""검찰ㆍ경찰 ㆍ헌재  다잡고  있으니  누가 움직이나요?  공산당이됐어요""\n\n=== 분석 지침 ===\n1. 검색된 유사 사례들의 분류와 일관성을 평가하세요\n2. 증거 강도는 유사 사례들의 일관성과 유사도를 종합하여 계산하세요\n3. 혐오표현 정의에 엄격히 따라 판단하세요\n4. 해당하는 모든 카테고리를 포함하세요 (단일 또는 복수)\n5. 복합 혐오표현의 경우 각각의 혐오 요소를 모두 식별하세요\n\n=== 복합 혐오표현 예시 ===\n- ""김치녀들 시발 다 똑같아"" → 성별 비하 + 욕설 → [""성별"", ""욕설""]\n- ""꼰대 일베충들"" → 연령 비하 + 정체성 혐오 → [""연령"", ""정체성""]  \n- ""그 똥양인 새끼들 좆같네"" → 정체성 혐오 + 욕설 → [""정체성"", ""욕설""]\n\nThe output should be formatted as a JSON instance that conforms to the JSON schema below.\n\nAs an example, for the schema {""properties"": {""foo"": {""title"": ""Foo"", ""description"": ""a list of strings"", ""type"": ""array"", ""items"": {""type"": ""string""}}}, ""required"": [""foo""]}\nthe object {""foo"": [""bar"", ""baz""]} is a well-formatted instance of the schema. The object {""properties"": {""foo"": [""bar"", ""baz""]}} is not well-formatted.\n\nHere is the output schema:\n```\n{""description"": ""혐오표현 분류 결과"", ""properties"": {""prompt"": {""anyOf"": [{""type"": ""string""}, {""type"": ""null""}], ""default"": null, ""description"": ""분류에 사용된 프롬프트"", ""title"": ""Prompt""}, ""input_text"": {""description"": ""분석 대상 텍스트"", ""title"": ""Input Text"", ""type"": ""string""}, ""is_hate_speech"": {""description"": ""혐오표현 여부"", ""title"": ""Is Hate Speech"", ""type"": ""boolean""}, ""categories"": {""description"": ""해당하는 혐오표현 카테고리들 (성별, 연령, 정체성, 욕설, 기타, 혐오없음)"", ""items"": {""type"": ""string""}, ""title"": ""Categories"", ""type"": ""array""}, ""evidence_strength"": {""description"": ""증거 강도 (검색 결과 기반, 0.0-1.0)"", ""maximum"": 1.0, ""minimum"": 0.0, ""title"": ""Evidence Strength"", ""type"": ""number""}, ""reasoning"": {""description"": ""분류 근거 및 설명"", ""title"": ""Reasoning"", ""type"": ""string""}, ""similar_cases_used"": {""description"": ""참조한 유사 사례들 (번호)"", ""items"": {""type"": ""string""}, ""title"": ""Similar Cases Used"", ""type"": ""array""}, ""target_group"": {""anyOf"": [{""type"": ""string""}, {""type"": ""null""}], ""default"": null, ""description"": ""혐오 대상 집단 (해당하는 경우)"", ""title"": ""Target Group""}, ""hate_type"": {""anyOf"": [{""type"": ""string""}, {""type"": ""null""}], ""default"": null, ""description"": ""혐오 유형 (모욕/비하/멸시/위협/선동 등)"", ""title"": ""Hate Type""}}, ""required"": [""input_text"", ""is_hate_speech"", ""evidence_strength"", ""reasoning""]}\n```\n' input_text='""검찰ㆍ경찰 ㆍ헌재  다잡고  있으니  누가 움직이나요?  공산당이됐어요""' is_hate_speech=False categories=['혐오없음'] evidence_strength=0.2 reasoning='특정 성별, 연령, 출신지역, 인종, 성적지향, 종교 등 보호 속성을 가진 집단을 모욕·비하·멸시하거나 폭력·차별을 선동하는 내용이 아니다. 정치 체제/이념(공산당)에 대한 비판 또는 표현으로, 정의된 혐오표현 범주에 해당하지 않는다. 욕설이나 위협도 없음.' similar_cases_used=[] target_group=None hate_type=None"
